0.947533
0.76263
0.732936
0.0709143
0.133548
0.966968
0.814047
0.805364
0.442172
0.420944
0.0881562
0.840528
0.962859
0.168835
0.507061
0.608504
0.535055
0.00370794
0.582146
0.396966
0.32361
0.806816
0.670179
0.218089
0.239904
0.664864
0.383679
0.237586
0.301023
0.260575
0.91033
0.921763
0.716714
0.524024
0.271823
0.676173
0.159225
0.998331
0.738034
0.871365
0.804375
0.286933
0.0484195
0.60186
0.492043
0.250811
0.377344
0.243086
0.16454
0.832741
0.740352
0.235207
0.927479
0.614189
0.42768
0.145722
0.878349
0.900751
0.417885
0.607886
0.438031
0.77088
0.0282112
0.429163
0.37858
0.437135
0.630195
0.940611
0.675957
0.125267
0.666842
0.694157
0.982634
0.273615
0.957544
0.334425
0.504743
0.244662
0.411952
0.676452
0.202886
0.853104
0.937305
0.156877
0.629639
0.853289
0.966412
0.726725
0.0958193
0.0436301
0.849921
0.437629
0.707814
0.126873
0.919105
0.299509
0.0228656
0.589902
0.614622
0.495597
0.808701
0.966103
0.678213
0.479405
0.266663
0.86602
0.965114
0.522974
0.106881
0.780366
0.517535
0.253067
0.731483
0.842907
0.336403
0.815221
0.98971
0.384544
0.37342
0.626981
0.436084
0.465254
0.0448043
0.0342675
0.380002
0.660291
0.665698
0.514662
0.801903
0.898835
0.117109
0.38612
0.620832
0.470692
0.898619
0.0831505
0.0546303
0.576955
0.581961
0.367858
0.753762
0.340636
0.479838
0.33458
0.528999
0.052869
0.300436
0.168402
0.439143
0.945524
0.447301
0.226246
0.520625
0.738189
0.895622
0.612582
0.175416
0.54037
0.838118
0.584464
0.760807
0.446714
0.134073
0.0494392
0.76195
0.626209
0.314804
0.424219
0.602385
0.574514
0.198715
0.198189
0.115719
0.167815
0.34697
0.474338
0.471063
0.956833
0.222847
0.986991
0.957637
0.348979
0.789667
0.977752
0.507122
0.618206
0.0583382
0.159101
0.978927
0.691469
0.560578
0.0108148
0.697927
0.574483
0.193863
0.436548
0.538022
0.469425
0.699719
0.855854
0.369063
0.94296
0.0446498
0.0100114
0.571795
0.771807
0.173748
0.278404
0.709483
0.388839
0.0477397
0.495133
0.735933
0.541483
0.0127615
0.00355344
0.55789
0.588759
0.435127
0.314866
0.433921
0.125668
0.729908
0.595495
0.492692
0.352687
0.371813
0.374718
0.830733
0.425022
0.728517
0.37719
0.21883
0.356333
0.944257
0.248401
0.998949
0.835059
0.104193
0.35831
0.254735
0.993449
0.971542
0.532027
0.528288
0.941291
0.782684
0.881377
0.37617
0.0587399
0.222167
0.880264
0.201526
0.63965
0.425084
0.73822
0.900473
0.374224
0.753113
0.23876
0.485369
0.202948
0.862806
0.460588
0.31227
0.0264191
0.147792
0.20338
0.930723
0.123567
0.400025
0.803881
0.209313
0.862157
0.358712
0.317801
0.894787
0.481599
0.611099
0.942558
0.981584
0.108673
0.0617372
0.692736
0.759478
0.238111
0.383493
0.208479
0.731174
0.794395
0.719989
0.0382536
0.0058091
0.912029
0.18858
0.606989
0.297346
0.68328
0.275005
0.175849
0.608287
0.501097
0.672218
0.538269
0.508235
0.79285
0.477428
0.956185
0.120971
0.992522
0.826005
0.682786
0.197386
0.989587
0.365139
0.326855
0.316194
0.642524
0.876248
0.570868
0.626271
0.324506
0.947502
0.757779
0.971294
0.493218
0.435157
0.319717
0.195563
0.703365
0.428298
0.242746
0.111176
0.454686
0.385687
0.552915
0.807713
0.810864
0.305689
0.993109
0.918178
0.153972
0.173624
0.258999
0.662918
0.0780521
0.254179
0.906127
0.261997
0.133486
0.957266
0.290764
0.649971
0.0453913
0.126441
0.851188
0.636529
0.935111
0.81244
0.553101
0.83682
0.380713
0.771869
0.18345
0.801687
0.864877
0.785619
0.342243
0.732101
0.939931
0.56923
0.369156
0.957513
0.329574
0.743102
0.666965
0.713562
0.0292
0.584402
0.751105
0.923431
0.978679
0.652659
0.467447
0.389241
0.110806
0.396471
0.245991
0.620554
0.427031
0.0438464
0.88388
0.769119
0.751692
0.0156042
0.449866
0.628897
0.73686
0.687019
0.862003
0.334456
0.509594
0.00630349
0.989649
0.374842
0.850138
0.471588
0.0393041
0.170751
0.807836
0.830269
0.352254
0.303896
0.711739
0.742978
0.64756
0.666996
0.718413
0.790841
0.162099
0.449495
0.570683
0.597163
0.754658
0.481321
0.567438
0.0877854
0.782313
0.823162
0.236474
0.126379
0.841486
0.113247
0.779718
0.41566
0.258598
0.599852
0.176714
0.744121
0.827056
0.847727
0.0931928
0.631276
0.110404
0.333405
0.344653
0.110497
0.347959
0.629577
0.843587
0.443129
0.571331
0.699039
0.749127
0.612953
0.233631
0.680067
0.770479
0.965145
0.527825
0.868523
0.358063
0.215926
0.900318
0.349968
0.944906
0.350277
0.993418
0.96669
0.770386
0.950592
0.242901
0.135432
0.262893
0.274171
0.0448661
0.04397
0.903285
0.815685
0.0624788
0.809165
0.0388716
0.102833
0.144857
0.742515
0.574792
0.242376
0.0529617
0.314989
0.453326
0.172234
0.0406946
0.389055
0.0816982
0.826623
0.77981
0.430214
0.543522
0.332942
0.271885
0.685876
0.682508
0.153725
0.134814
0.165868
0.0413435
0.490931
0.0761672
0.958255
0.446003
0.0224948
0.531687
0.474925
0.563236
0.42802
0.199085
0.256404
0.255415
0.100176
0.727652
0.241356
0.892871
0.180824
0.389333
0.125359
0.681395
0.979081
0.715725
0.368785
0.899299
0.189877
0.810741
0.286284
0.946544
0.607391
0.360412
0.584618
0.785063
0.254921
0.0225566
0.54139
0.998208
0.718629
0.8248
0.493588
0.493372
0.459414
0.127924
0.0840466
0.195316
0.664555
0.335167
0.621172
0.524055
0.276674
0.437815
0.736922
0.696722
0.385286
0.48985
0.906375
0.300806
0.226617
0.57884
0.877885
0.827983
0.993264
0.942434
0.962179
0.062108
0.75095
0.899175
0.170472
0.764175
0.975497
0.152983
0.0183852
0.886475
0.176621
0.729568
0.542131
0.114637
0.998022
0.689522
0.254952
0.0274078
0.303031
0.575905
0.417019
0.472051
0.112072
0.595371
0.473287
0.306121
0.0610265
0.581157
0.241727
0.951086
0.32052
0.321695
0.506041
0.448413
0.40089
0.939715
0.535272
0.0376665
0.913636
0.440843
0.212341
0.337577
0.999567
0.932083
0.337021
0.912245
0.222538
0.938479
0.341223
0.572011
0.805766
0.505237
0.322282
0.598214
0.9196
0.377128
0.209128
0.83305
0.788864
0.851621
0.704446
0.59809
0.900195
0.330563
0.898341
0.0394895
0.199858
0.377684
0.29645
0.542595
0.187405
0.422643
0.354973
0.730804
0.73618
0.580292
0.105893
0.625127
0.145011
0.766771
0.382999
0.130859
0.544912
0.551247
0.545747
0.68223
0.110064
0.280042
0.966598
0.755832
0.665668
0.509811
0.040262
0.321138
0.418719
0.738868
0.00234836
0.368693
0.884745
0.904953
0.0776504
0.191113
0.00478942
0.751939
0.054414
0.542997
0.250471
0.323981
0.865031
0.809875
0.15045
0.620585
0.431882
0.805488
0.461576
0.467509
0.398943
0.634088
0.551865
0.642771
0.915057
0.663999
0.247845
0.911627
0.125514
0.705652
0.787288
0.604209
0.860736
0.135556
0.282298
0.320737
0.355653
0.837531
0.492291
0.289621
0.470476
0.86466
0.751661
0.010753
0.688224
0.0512004
0.0384699
0.0397676
0.243519
0.232457
0.49572
0.828106
0.0126688
0.989
0.272966
0.855669
0.339956
0.373111
0.578469
0.819671
0.688286
0.0609029
0.561753
0.195161
0.640299
0.52696
0.732689
0.0321046
0.0404165
0.345394
0.226926
0.627352
0.494299
0.60495
0.977165
0.414949
0.14702
0.0820999
0.889689
0.681148
0.940271
0.622594
0.747211
0.312177
0.0118654
0.862868
0.47029
0.835553
0.181813
0.544573
0.497883
0.167691
0.327565
0.427772
0.160276
0.163273
0.633841
0.513055
0.54964
0.293483
0.0768779
0.0698328
0.963755
0.30952
0.594661
0.361709
0.788369
0.774001
0.518184
0.354942
0.725952
0.974539
0.00259556
0.407502
0.977876
0.526527
0.664771
0.369125
0.952662
0.567933
0.165405
0.968575
0.0663103
0.410716
0.482403
0.737231
0.745234
0.00169947
0.266817
0.890276
0.773321
0.411458
0.598832
0.0166239
0.609956
0.763063
0.800853
0.733894
0.221302
0.74443
0.875568
0.464141
0.87016
0.615178
0.582919
0.518246
0.364645
0.249235
0.129932
0.399376
0.702005
0.214844
0.730526
0.692519
0.72552
0.906622
0.339616
0.319748
0.200414
0.465006
0.0059945
0.941136
0.758428
0.07317
0.487687
0.566789
0.98591
0.787844
0.69153
0.570281
0.534098
0.85332
0.971263
0.488366
0.673516
0.74202
0.497173
0.0561135
0.809814
0.140747
0.0973025
0.276489
0.408707
0.167074
0.230541
0.194945
0.606341
0.19547
0.688811
0.143374
0.509656
0.0160059
0.512931
0.530235
0.246918
0.766091
0.276272
0.374749
0.835584
0.186664
0.306214
0.0755801
0.866082
0.974817
0.0462565
0.262275
0.177147
0.812038
0.490035
0.935482
0.870655
0.692797
0.769181
0.761394
0.538887
0.605259
0.0256775
0.031363
0.923987
0.0660013
0.362204
0.865989
0.960263
0.761332
0.529185
0.0819763
0.870284
0.634583
0.629484
0.829033
0.158205
0.838241
0.603869
0.807373
0.757501
0.927633
0.638445
0.235887
0.0342057
0.370299
0.137008
0.510305
0.117882
0.5074
0.661867
0.913111
0.358372
0.264438
0.516732
0.126935
0.928808
0.822791
0.178259
0.986682
0.909125
0.732565
0.0126997
0.993851
0.0346074
0.433365
0.0383463
0.0203628
0.196953
0.92167
0.70216
0.2391
0.538733
0.581003
0.217471
0.142879
0.432037
0.829744
0.269783
0.355993
0.890894
0.870346
0.644285
0.152767
0.984427
0.554986
0.132744
0.840837
0.011371
0.785249
0.284028
0.592405
0.00757037
0.188549
0.602138
0.535704
0.105584
0.576615
0.528597
0.989803
0.399098
0.658344
0.360072
0.531255
0.407008
0.900256
0.340265
0.421623
0.194883
0.596638
0.672187
0.533418
0.746593
0.215153
0.779038
0.308933
0.502487
0.890523
0.812131
0.504589
0.220406
0.603745
0.787968
0.710935
0.616846
0.844885
0.646881
0.560269
0.962303
0.0815128
0.797516
0.209962
0.964033
0.353181
0.449433
0.56098
0.0738807
0.599265
0.084541
0.272935
0.850817
0.578315
0.795415
0.880079
0.172419
0.0698019
0.958904
0.547879
0.0169638
0.663319
0.141118
0.155517
0.416185
0.341069
0.547755
0.997559
0.616754
0.830331
0.361957
0.827179
0.867132
0.139758
0.942063
0.903964
0.922411
0.818589
0.518493
0.403455
0.342366
0.751506
0.986497
0.880017
0.162717
0.546519
0.80351
0.151098
0.722461
0.426351
0.93712
0.127769
0.0597905
0.387109
0.776071
0.843216
0.384915
0.431635
0.766678
0.368445
0.845935
0.811822
0.456076
0.603992
0.826777
0.804066
0.23842
0.432006
0.824893
0.508142
0.778296
0.192504
0.223094
0.0258011
0.0507679
0.970553
0.376788
0.155764
0.454995
0.4342
0.169329
0.58468
0.794766
0.778204
0.17795
0.93817
0.292711
0.955597
0.0287983
0.521336
0.849767
0.413373
0.899608
0.23839
0.427154
0.0632512
0.930445
0.0799061
0.545252
0.60461
0.923802
0.036894
0.792355
0.399808
0.769922
0.877823
0.81828
0.469981
0.787041
0.565399
0.767605
0.513982
0.695177
0.142725
0.40778
0.0215369
0.3813
0.864042
0.654636
0.777925
0.134289
0.0833977
0.09344
0.670086
0.203535
0.954979
0.931774
0.288508
0.295832
0.445571
0.954578
0.868708
0.387171
0.785774
0.366499
0.540308
0.828415
0.061181
0.605414
0.0499336
0.83957
0.812471
0.557952
0.598461
0.958409
0.470259
0.830702
0.420171
0.966876
0.799493
0.52044
0.709081
0.325773
0.146402
0.985076
0.656861
0.127213
0.972469
0.677564
0.37753
0.272194
0.734388
0.298922
0.930692
0.118716
0.638383
0.226184
0.510923
0.214906
0.740228
0.215802
0.880913
0.303402
0.634119
0.556716
0.404412
0.492754
0.362389
0.895096
0.530112
0.227513
0.719525
0.965485
0.581188
0.246578
0.712727
0.898217
0.0200847
0.153292
0.0668974
0.502889
0.953589
0.713469
0.0146464
0.299478
0.0180144
0.828261
0.0369249
0.797207
0.16145
0.347619
0.576214
0.465532
0.0884652
0.88904
0.579273
0.945802
0.490962
0.0810184
0.719896
0.0236999
0.720885
0.178939
0.0934091
0.665235
0.441894
0.377283
0.233384
0.641257
0.677348
0.343571
0.940704
0.690511
0.410191
0.399932
0.789327
0.924389
0.129067
0.263542
0.376047
0.039335
0.175602
0.569477
0.407966
0.0506443
0.951148
0.330223
0.844977
0.661434
0.845194
0.695393
0.176683
0.73927
0.0654142
0.270031
0.394803
0.984025
0.49192
0.231406
0.330779
0.932299
0.370979
0.243735
0.266415
0.82721
0.871983
0.9014
0.51976
0.602355
0.569663
0.437073
0.620493
0.417328
0.520564
0.728486
0.372339
0.457189
0.778636
0.245867
0.601149
0.380465
0.733059
0.0903192
0.180113
0.277755
0.607607
0.39437
0.916108
0.82894
0.143652
0.553317
0.870778
0.712202
0.815746
0.0721812
0.332448
0.194265
0.499614
0.43936
0.979483
0.778791
0.270123
0.409356
0.268949
0.22501
0.326577
0.272533
0.787751
0.676977
0.285357
0.801007
0.75815
0.029509
0.632914
0.367518
0.700399
0.962581
0.125174
0.652288
0.409233
0.249544
0.178445
0.0157896
0.478973
0.198745
0.203041
0.87736
0.745512
0.0453604
0.121589
0.0895467
0.0588326
0.236721
0.165189
0.934617
0.734821
0.366839
0.593672
0.20647
0.415845
0.287705
0.1697
0.642895
0.934462
0.710565
0.558632
0.705188
0.71452
0.179588
0.195285
0.659704
0.573525
0.0434756
0.825665
0.629422
0.819331
0.634923
0.682848
0.207088
0.51287
0.520533
0.723635
0.610697
0.879492
0.080246
0.598616
0.982665
0.278466
0.719185
0.912122
0.203133
0.891914
0.030436
0.778451
0.21676
0.0313012
0.914285
0.542719
0.20681
0.469209
0.66576
0.524364
0.325186
0.0542286
0.513889
0.680623
0.857801
0.67469
0.926367
0.439545
0.00859006
0.348639
0.736304
0.599697
0.152458
0.935914
0.938572
0.355777
0.856935
0.538856
0.600408
0.264036
0.453666
0.225597
0.41875
0.74372
0.76399
0.946389
0.583135
0.552205
0.696134
0.293113
0.0186633
0.930136
0.0313939
0.928838
0.827643
0.939901
0.564379
0.607515
0.379816
0.631184
0.0958502
0.0484813
0.611563
0.0153261
0.406205
0.774125
0.537589
0.401508
0.0367395
0.768099
0.591602
0.881439
0.385873
0.582023
0.377561
0.277045
0.496029
0.876618
0.629083
0.765967
0.256867
0.328183
0.524797
0.393103
0.717208
0.601644
0.458085
0.919321
0.333467
0.354355
0.633779
0.503353
0.0263573
0.13809
0.680098
0.77533
0.726787
0.105522
0.566913
0.00531471
0.83441
0.00231746
0.363841
0.123104
0.327256
0.37926
0.543862
0.386305
0.64994
0.0405401
0.364799
0.273491
0.938139
0.28786
0.193956
0.451102
0.822946
0.202515
0.794889
0.797608
0.224516
0.248957
0.0862714
0.544603
0.502735
0.929333
0.905262
0.126163
0.807527
0.781757
0.73584
0.526929
0.727837
0.270463
0.46272
0.647004
0.579674
0.00886815
0.3923
0.591076
0.798968
0.437969
0.761178
0.504928
0.273769
0.9818
0.142632
0.393227
0.736613
0.648209
0.768872
0.712882
0.922473
0.828292
0.0417761
0.558848
0.739147
0.0460093
0.223465
0.0840157
0.190464
0.902914
0.75747
0.922782
0.876804
0.65819
0.335816
0.723048
0.518524
0.408306
0.104008
0.329203
0.684887
0.527269
0.781201
0.648518
0.817384
0.329296
0.699441
0.812193
0.514291
0.743689
0.759139
0.184748
0.00543831
0.853815
0.048883
0.674628
0.916664
0.916262
0.853197
0.951859
0.441801
0.362729
0.94846
0.908167
0.582177
0.401817
0.0852517
0.384513
0.368569
0.86534
0.858388
0.766863
0.397553
0.415783
0.278003
0.646417
0.487501
0.537682
0.416062
0.321664
0.50119
0.686772
0.823193
0.241325
0.88802
0.419182
0.811637
0.426969
0.0341439
0.360597
0.613726
0.354911
0.721101
0.212897
0.424899
0.709112
0.330624
0.908043
0.562772
0.355251
0.774465
0.590953
0.779563
0.391404
0.450391
0.711368
0.684763
0.507864
0.734635
0.337731
0.0238235
0.74029
0.225504
0.404196
0.458796
0.0308995
0.851219
0.641381
0.696752
0.390137
0.251491
0.484071
0.999197
0.873868
0.197324
0.979884
0.841856
0.171461
0.919414
0.348021
0.639279
0.36687
0.598523
0.968112
0.993542
0.986095
0.816951
0.261379
0.0364614
0.724438
0.736829
0.682168
0.100362
0.756759
0.811204
0.359052
0.371165
0.272842
0.836264
0.293391
0.0623243
0.784909
0.230665
0.21435
0.652906
0.506257
0.482372
0.73238
0.983592
0.424003
0.568427
0.243024
0.154837
0.309458
0.584958
0.838427
0.632976
0.377221
0.223681
0.117974
0.521954
0.946791
0.646201
0.453543
0.206192
0.372184
0.432933
0.970429
0.357383
0.109199
0.144208
0.640639
0.580323
0.110744
0.386769
0.722708
0.465161
0.0302506
0.749343
0.646912
0.565121
0.723944
0.65921
0.495906
0.857213
0.582517
0.45518
0.463307
0.739177
0.0508606
0.985106
0.661712
0.888855
0.550165
0.375954
0.0247814
0.890678
0.836387
0.312795
0.10889
0.0956957
0.0242252
0.803356
0.126842
0.914254
0.537867
0.445169
0.891512
0.96737
0.877113
0.706702
0.952229
0.500015
0.502426
0.880821
0.288848
0.349195
0.823626
0.309242
0.551
0.506937
0.589099
0.48849
0.692921
0.788586
0.80796
0.849674
0.39882
0.614683
0.505299
0.331984
0.121497
0.074993
0.773908
0.503631
0.0700182
0.992862
0.879368
0.0608411
0.55205
0.671878
0.484906
0.13018
0.438186
0.795136
0.836418
0.317647
0.870531
0.673392
0.722615
0.450607
0.745326
0.0162531
0.551741
0.623366
0.868492
0.353212
0.454284
0.322622
0.651577
0.297655
0.731792
0.891419
0.952816
0.592189
0.973612
0.857059
0.558261
0.646973
0.574823
0.247227
0.814603
0.892686
0.151716
0.819485
0.659179
0.491055
0.0955721
0.00482032
0.75679
0.816055
0.120693
0.948861
0.971233
0.483515
0.911875
0.164323
0.798783
0.408862
0.19133
0.038748
0.0834286
0.0982913
0.431728
0.781232
0.65337
0.579025
0.906993
0.397831
0.459444
0.132775
0.845688
0.773012
0.362945
0.982418
0.239656
0.626054
0.290548
0.616012
0.713902
0.0825634
0.962457
0.105769
0.605723
0.0984458
0.455984
0.589439
0.541853
0.0709761
0.14325
0.490251
0.96944
0.202144
0.736675
0.657912
0.292155
0.868275
0.319253
0.122795
0.278744
0.762846
0.766894
0.402404
0.177425
0.855699
0.344807
0.134753
0.156166
0.518061
0.335537
0.679387
0.663752
0.209035
0.818496
0.50394
0.11853
0.609276
0.656336
0.0447425
0.0245651
0.856719
0.504898
0.268918
0.220159
0.564935
0.694837
0.0893613
0.0297253
0.666873
0.699008
0.744276
0.851312
0.655934
0.981677
0.123227
0.346661
0.425826
0.854649
0.179866
0.238946
0.514476
0.772796
0.328987
0.650929
0.195779
0.737323
0.759787
0.286624
0.999907
0.985446
0.715076
0.26691
0.90483
0.0582455
0.144548
0.694002
0.958378
0.465408
0.0690603
0.842474
0.268486
0.152242
0.901956
0.607082
0.311899
0.968204
0.00809566
0.271019
0.550042
0.356549
0.978216
0.579891
0.0428267
0.72379
0.634953
0.687699
0.96873
0.0905664
0.218923
0.370887
0.229181
0.981491
0.0941198
0.776813
0.959645
0.664308
0.296357
0.528041
0.902481
0.689553
0.259803
0.789049
0.880728
0.274295
0.0642709
0.0905355
0.214072
0.609245
0.651485
0.283101
0.446868
0.158329
0.857646
0.650434
0.11816
0.551061
0.516639
0.112381
0.643883
0.0897012
0.0830887
0.0449278
0.0536724
0.426567
0.971078
0.459259
0.103668
0.27584
0.306832
0.172605
0.0989092
0.528752
0.0140593
0.207305
0.546828
0.852022
0.767512
0.499428
0.410252
0.409634
0.31261
0.0797825
0.525847
0.558045
0.613015
0.243333
0.20335
0.925872
0.361926
0.822328
0.105491
0.562062
0.243673
0.256713
0.303927
0.71659
0.504619
0.225257
0.365386
0.365664
0.409325
0.264098
0.463369
0.74888
0.574143
0.1405
0.0584927
0.183358
0.787133
0.579952
0.0525291
0.247072
0.790347
0.0844792
0.263233
0.327535
0.422921
0.398634
0.585576
0.935451
0.865804
0.931156
0.191484
0.063004
0.891636
0.986775
0.923678
0.0174891
0.74579
0.0890214
0.976362
0.288817
0.344344
0.0619844
0.731545
0.852609
0.859685
0.970615
0.386491
0.679047
0.610388
0.83098
0.463832
0.821648
0.998764
0.805951
0.534345
0.89213
0.0643945
0.10994
0.260637
0.920032
0.445045
0.872107
0.920805
0.566326
0.913142
0.363223
0.0260792
0.0944288
0.825325
0.576059
0.441276
0.280258
0.000556191
0.0873219
0.709545
0.398542
0.571022
0.650527
0.132713
0.835986
0.24973
0.207552
0.585638
0.945153
0.389086
0.0865495
0.588264
0.357507
0.128604
0.190773
0.951426
0.373884
0.69975
0.860705
0.130705
0.520656
0.74304
0.657263
0.190279
0.873807
0.187622
0.456602
0.686463
0.774681
0.624911
0.111053
0.435281
0.339122
0.242128
0.014152
0.221858
0.831752
0.585113
0.862683
0.441183
0.265705
0.715632
0.354232
0.614374
0.456787
0.71557
0.344529
0.0910917
0.301394
0.31879
0.0500263
0.854124
0.0973952
0.291042
0.693632
0.900164
0.325711
0.136699
0.461793
0.501468
0.730433
0.677966
0.440596
0.173532
0.244446
0.377993
0.344962
0.159009
0.964373
0.406545
0.827488
0.915644
0.756172
0.719031
0.887866
0.394926
0.00342984
0.538485
0.542193
0.12434
0.521305
0.844915
0.651732
0.321911
0.539999
0.779903
0.444767
0.828446
0.0660322
0.367055
0.62763
0.53796
0.459723
0.176436
0.70046
0.972283
0.648457
0.807682
0.806013
0.544047
0.415413
0.219788
0.506721
0.55514
0.157
0.649044
0.899855
0.277199
0.520286
0.684825
0.517566
0.257918
0.493125
0.420604
0.0347928
0.462473
0.608195
0.486543
0.387294
0.805179
0.413064
0.851095
0.621976
0.650187
0.0793499
0.45793
0.895065
0.52526
0.465872
0.141829
0.267095
0.933937
0.628094
0.610728
0.884343
0.841887
0.176312
0.681056
0.925718
0.33767
0.0141211
0.217007
0.0701109
0.00741588
0.164293
0.793931
0.647221
0.613633
0.340358
0.436177
0.479807
0.329728
0.767358
0.475172
0.602046
0.521151
0.820659
0.843525
0.433427
0.0480487
0.543646
0.352347
0.31845
0.996663
0.476068
0.742731
0.608751
0.573865
0.096839
0.20372
0.984087
0.501622
0.754689
0.486172
0.32908
0.665482
0.480703
0.470414
0.854958
0.228378
0.85536
0.291444
0.756697
0.801502
0.835769
0.215771
0.876062
0.541761
0.0564225
0.858326
0.757161
0.87427
0.26039
0.881222
0.351914
0.250533
0.333684
0.388314
0.965269
0.54723
0.915088
0.66885
0.00948614
0.489324
0.823904
0.352903
0.405772
0.706208
0.87461
0.313753
0.259278
0.706579
0.932825
0.45345
0.191639
0.0872601
0.699842
0.875259
0.415629
0.253747
0.83821
0.599017
0.0457312
0.179804
0.229243
0.991194
0.617403
0.932207
0.356426
0.958811
0.533325
0.73204
0.930229
0.0459475
0.213763
0.560733
0.0350709
0.506134
0.462967
0.685814
0.672805
0.630442
0.979421
0.769088
0.746841
0.253963
0.872169
0.930507
0.0896085
0.0685351
0.760004
0.320582
0.331397
0.0293236
0.603807
0.79767
0.234218
0.77224
0.241665
0.941384
0.797238
0.166301
0.109261
0.15391
0.163922
0.735717
0.507524
0.681272
0.959676
0.669159
0.0579983
0.105738
0.600871
0.336804
0.878287
0.891048
0.894602
0.452492
0.0412508
0.476377
0.791243
0.225165
0.350833
0.0807404
0.676235
0.168927
0.521614
0.893428
0.268146
0.0988783
0.523901
0.252418
0.629608
0.848438
0.204771
0.149028
0.397429
0.396379
0.231437
0.33563
0.693941
0.948676
0.942125
0.913667
0.445694
0.973983
0.915274
0.697958
0.579334
0.955505
0.0142447
0.236412
0.116676
0.318203
0.957853
0.382937
0.121157
0.0216296
0.395853
0.148966
0.387727
0.873096
0.0760436
0.93885
0.399438
0.711708
0.738127
0.885919
0.0892995
0.0200229
0.14359
0.543615
0.347496
0.556809
0.418966
0.777678
0.0954794
0.990267
0.471866
0.0829651
0.025523
0.00710688
0.11578
0.177518
0.870253
0.629731
0.867843
0.251336
0.459815
0.19099
0.985385
0.705373
0.743627
0.749436
0.661465
0.850045
0.457034
0.75438
0.43766
0.712666
0.888515
0.496802
0.997899
0.670117
0.208386
0.716621
0.509471
0.986899
0.943083
0.0640546
0.056577
0.882582
0.565368
0.762754
0.752341
0.11748
0.444335
0.760529
0.403053
0.2793
0.850168
0.476439
0.800946
0.748447
0.506226
0.477521
0.970738
0.405896
0.725613
0.921175
0.62454
0.0528381
0.295584
0.406761
0.861447
0.247134
0.800049
0.607762
0.418626
0.724315
0.717424
0.635602
0.789575
0.963199
0.222198
0.885116
0.963168
0.217347
0.123474
0.385471
0.518957
0.476223
0.766987
0.416958
0.462349
0.58879
0.439978
0.0765071
0.0116182
0.824058
0.377159
0.213979
0.594691
0.366561
0.550011
0.351698
0.216574
0.00219386
0.344437
0.076538
0.0164694
0.5857
0.954856
0.912369
0.241943
0.985045
0.65201
0.365572
0.394772
0.979174
0.730278
0.653709
0.632389
0.285048
0.752495
0.141736
0.252541
0.649013
0.895004
0.515558
0.942589
0.986435
0.870315
0.639434
0.391126
0.40673
0.856595
0.485493
0.222353
0.909372
0.771375
0.105831
0.615425
0.621729
0.611377
0.986219
0.836356
0.307944
0.347248
0.517999
0.325835
0.156104
0.508358
0.812255
0.523993
0.266972
0.914532
0.581528
0.299941
0.0907827
0.252881
0.702376
0.273059
0.870222
0.62488
0.106202
0.67364
0.761425
0.543738
0.3669
0.603374
0.729753
0.571239
0.684485
0.464203
0.879863
0.138461
0.738312
0.915026
0.659148
0.486203
0.333931
0.427124
0.0584
0.168804
0.502209
0.846862
0.957359
0.305318
0.934895
0.778482
0.221611
0.792943
0.491982
0.241109
0.854062
0.0876927
0.767759
0.538238
0.503383
0.0312085
0.899731
0.257794
0.47372
0.374038
0.724006
0.668912
0.0191886
0.012607
0.979297
0.749683
0.700275
0.943176
0.0786083
0.341501
0.615672
0.660538
0.704508
0.607793
0.423477
0.485956
0.295121
0.333993
0.436826
0.581683
0.324197
0.89899
0.141365
0.194327
0.509316
0.962643
0.134876
0.175571
0.564626
0.646325
0.472948
0.252758
0.682971
0.226493
0.559435
0.83132
0.517196
0.199703
0.353428
0.488243
0.654111
0.695455
0.186386
0.262553
0.220808
0.666811
0.689306
0.220993
0.695918
0.259154
0.687174
0.886259
0.142663
0.398078
0.498254
0.225906
0.467262
0.360133
0.540957
0.930291
0.05565
0.737045
0.716126
0.431851
0.800637
0.699935
0.889812
0.700553
0.986837
0.933381
0.540772
0.901183
0.485802
0.270865
0.525786
0.548342
0.0897321
0.0879399
0.806569
0.631369
0.124958
0.61833
0.0777431
0.205667
0.289714
0.485029
0.149584
0.484751
0.105923
0.629979
0.906653
0.344467
0.0813892
0.778111
0.163396
0.653246
0.559621
0.860427
0.0870438
0.665884
0.543769
0.371752
0.365016
0.30745
0.269629
0.331737
0.082687
0.981862
0.152334
0.91651
0.892006
0.0449896
0.0633748
0.94985
0.126472
0.856039
0.398171
0.512808
0.51083
0.200352
0.455304
0.482712
0.785743
0.361648
0.778667
0.250718
0.362791
0.958162
0.431449
0.737571
0.798597
0.379755
0.621481
0.572567
0.893088
0.214782
0.720823
0.169236
0.570126
0.509841
0.0451132
0.0827797
0.996416
0.437259
0.6496
0.987177
0.986744
0.918827
0.255848
0.168093
0.390631
0.32911
0.670333
0.242345
0.0481105
0.553348
0.87563
0.473844
0.393443
0.770571
0.979699
0.812749
0.601613
0.453234
0.15768
0.75577
0.655965
0.986528
0.884869
0.924358
0.124216
0.5019
0.79835
0.340945
0.52835
0.950993
0.305967
0.0367704
0.772951
0.353243
0.459135
0.0842629
0.229274
0.996045
0.379044
0.509903
0.0548157
0.606062
0.151809
0.834039
0.944103
0.224145
0.190743
0.946575
0.612242
0.122053
0.162315
0.483453
0.902172
0.641041
0.643389
0.0120817
0.896827
0.80178
0.87943
0.0705435
0.0753329
0.827272
0.881686
0.424683
0.675154
0.999135
0.864166
0.674041
0.824491
0.445076
0.876958
0.682446
0.144022
0.611532
0.0104749
0.644563
0.196428
0.839199
0.754256
0.418255
0.6661
0.577728
0.703241
0.408893
0.196181
0.800389
0.661125
0.796681
0.0789791
0.399716
0.755369
0.592899
0.0851899
0.374811
0.845286
0.709947
0.461607
0.47236
0.160585
0.211785
0.250255
0.290023
0.533541
0.765998
0.261719
0.0898248
0.102494
0.0914934
0.364459
0.220128
0.560084
0.933195
0.511665
0.331335
0.0196212
0.0805241
0.642277
0.837438
0.477737
0.00469672
0.737385
0.76949
0.809906
0.155301
0.382227
0.00957884
0.503878
0.108828
0.0859933
0.500942
0.647962
0.730062
0.619751
0.300899
0.24117
0.863764
0.610975
0.923153
0.935018
0.797886
0.268177
0.10373
0.285542
0.830115
0.327998
0.49569
0.823255
0.251027
0.411303
0.574576
0.208417
0.721472
0.271112
0.564595
0.641473
0.711306
0.675061
0.984581
0.579242
0.940951
0.729321
0.503322
0.021506
0.376448
0.102401
0.0769397
0.0795353
0.487038
0.464914
0.991441
0.656212
0.0253376
0.978
0.545932
0.711337
0.679912
0.746223
0.156938
0.639341
0.376572
0.121806
0.123505
0.390322
0.280598
0.0539196
0.465377
0.0642091
0.0808331
0.690789
0.453852
0.254704
0.988598
0.2099
0.954331
0.829898
0.294039
0.1642
0.779378
0.362296
0.880543
0.245187
0.494423
0.624355
0.0237308
0.725736
0.94058
0.671106
0.363625
0.089145
0.995767
0.335383
0.655131
0.855545
0.320551
0.326546
0.267682
0.0261101
0.09928
0.586967
0.153756
0.139666
0.92751
0.61904
0.189321
0.723419
0.576739
0.548002
0.0363687
0.709885
0.451905
0.949078
0.00519111
0.815005
0.955752
0.0530544
0.329543
0.73825
0.905324
0.135865
0.33081
0.93715
0.132621
0.821432
0.964805
0.474462
0.490468
0.00339894
0.533634
0.780552
0.546643
0.822915
0.197664
0.0332478
0.219912
0.526126
0.601706
0.467787
0.442604
0.488861
0.751136
0.928282
0.740321
0.230356
0.165838
0.0364923
0.72929
0.49847
0.259865
0.798752
0.404011
0.429688
0.461051
0.385038
0.45104
0.813244
0.679232
0.639496
0.400828
0.930013
0.011989
0.882273
0.516856
0.14634
0.975373
0.133578
0.97182
0.575688
0.383061
0.140562
0.0681952
0.70664
0.942527
0.976733
0.347032
0.48404
0.994345
0.112227
0.619627
0.281494
0.194605
0.552977
0.817415
0.334147
0.461082
0.38989
0.212681
0.39094
0.377623
0.286747
0.0193122
0.0320119
0.0258629
0.0604703
0.493836
0.532182
0.552545
0.749498
0.671168
0.373328
0.612428
0.15116
0.732163
0.949634
0.0925131
0.52455
0.354293
0.624077
0.98007
0.870964
0.74131
0.385595
0.538362
0.522788
0.077774
0.210518
0.0513549
0.062726
0.847975
0.132003
0.724408
0.731978
0.920527
0.522665
0.0583691
0.163953
0.740568
0.269165
0.258969
0.658066
0.316411
0.676482
0.207737
0.614745
0.515002
0.855267
0.27689
0.471773
0.0684115
0.740599
0.274017
0.02061
0.235763
0.0148009
0.323734
0.826221
0.716744
0.528876
0.0334641
0.25387
0.857615
0.645583
0.356518
0.973365
0.818249
0.46513
0.0253994
0.987702
0.0692148
0.866731
0.0766925
0.0407255
0.393907
0.84334
0.40432
0.4782
0.077465
0.162006
0.434941
0.285758
0.864073
0.659488
0.539567
0.711986
0.781788
0.740692
0.28857
0.305534
0.968853
0.109971
0.265488
0.681674
0.022742
0.570497
0.568056
0.18481
0.0151407
0.377097
0.204276
0.0714087
0.211167
0.153231
0.0571949
0.979606
0.798195
0.316689
0.720143
0.0625097
0.814016
0.800513
0.68053
0.843247
0.389766
0.193276
0.344375
0.0668356
0.493187
0.430306
0.558076
0.617866
0.00497482
0.781046
0.624262
0.00917715
0.440812
0.20749
0.575935
0.421871
0.233693
0.689769
0.293761
0.120539
0.924605
0.163026
0.595031
0.419924
0.928066
0.706362
0.898866
0.12196
0.147761
0.198529
0.169082
0.54587
0.701635
0.156629
0.590829
0.760158
0.344838
0.139604
0.917807
0.0957575
0.0339276
0.326638
0.282236
0.311034
0.83237
0.682137
0.0955103
0.995118
0.233507
0.660662
0.723913
0.654358
0.734264
0.279517
0.884127
0.807929
0.844823
0.637178
0.0369867
0.806909
0.684733
0.503013
0.972994
0.760035
0.325433
0.0930383
0.60702
0.302197
0.444922
0.852702
0.874239
0.255539
0.119581
0.774217
0.552143
0.686432
0.76983
0.86327
0.533356
0.736891
0.69187
0.623644
0.912153
0.207984
0.653555
0.608133
0.476841
0.864011
0.649785
0.016284
0.556592
0.385008
0.446189
0.0516021
0.101536
0.941106
0.753577
0.311529
0.90999
0.868399
0.338658
0.16936
0.589531
0.556407
0.3559
0.87634
0.585422
0.911195
0.0575966
0.0426722
0.699533
0.826747
0.799215
0.476779
0.854309
0.126502
0.860891
0.159812
0.0905046
0.20922
0.847604
0.073788
0.584711
0.799617
0.539845
0.755647
0.63656
0.939962
0.574082
0.130798
0.53521
0.027964
0.390353
0.285449
0.815561
0.0430739
0.762599
0.728085
0.309273
0.555851
0.268578
0.166795
0.18688
0.340172
0.40707
0.909959
0.863548
0.577017
0.591663
0.891141
0.909156
0.737416
0.774341
0.571548
0.732998
0.0806168
0.65683
0.122362
0.210827
0.0998671
0.67914
0.624942
0.115904
0.196922
0.916819
0.940518
0.661403
0.840342
0.933752
0.598986
0.04088
0.418163
0.651547
0.292804
0.970151
0.313722
0.254426
0.944937
0.355128
0.75506
0.544387
0.468776
0.597843
0.861385
0.237432
0.276767
0.452368
0.0218459
0.429812
0.480456
0.431604
0.761827
0.606804
0.268238
0.113432
0.808825
0.985508
0.724778
0.790193
0.0602231
0.455026
0.439051
0.930971
0.162377
0.493156
0.425455
0.796434
0.0401693
0.306585
0.133795
0.0057782
0.907178
0.426938
0.0292927
0.598956
0.0360288
0.656521
0.0738498
0.594413
0.3229
0.695238
0.152427
0.931063
0.17693
0.77808
0.158545
0.891605
0.981924
0.162037
0.439792
0.0473998
0.44177
0.357878
0.186818
0.33047
0.883787
0.754565
0.466768
0.282514
0.354695
0.687143
0.881408
0.381022
0.820381
0.799864
0.578655
0.848778
0.258134
0.527083
0.752093
0.0786701
0.351204
0.138955
0.815932
0.101289
0.902296
0.660446
0.689955
0.322869
0.690387
0.390786
0.353366
0.47854
0.130828
0.540061
0.789605
0.96805
0.98384
0.462812
0.661558
0.864598
0.741958
0.48747
0.532831
0.65442
0.743967
0.802799
0.0395204
0.204709
0.139326
0.874146
0.240985
0.834657
0.0411272
0.456972
0.744678
0.914378
0.557272
0.491734
0.202299
0.760931
0.466119
0.180638
0.360226
0.555511
0.215215
0.78874
0.832216
0.657881
0.287303
0.106634
0.741557
0.424404
0.631493
0.144362
0.664895
0.38853
0.999228
0.87872
0.958965
0.557581
0.540247
0.818713
0.537898
0.45002
0.653153
0.545067
0.575503
0.353954
0.570713
0.602015
0.516299
0.059018
0.265828
0.735037
0.400797
0.925161
0.250348
0.304576
0.818466
0.499088
0.356889
0.0315793
0.957946
0.397491
0.406081
0.75472
0.491024
0.0907209
0.243179
0.179093
0.117665
0.473442
0.330377
0.869233
0.469641
0.733677
0.187344
0.412941
0.831691
0.57541
0.3394
0.285789
0.868924
0.421129
0.117264
0.410376
0.429039
0.359176
0.390569
0.319408
0.147051
0.0869511
0.65133
0.258845
0.638661
0.269845
0.365695
0.414177
0.0257393
0.0410654
0.44727
0.221395
0.758984
0.160492
0.197231
0.965331
0.556932
0.438371
0.824244
0.406266
0.783827
0.060872
0.556901
0.43352
0.0626024
0.82857
0.0854371
0.41362
0.938417
0.331521
0.0487285
0.650372
0.108457
0.0277786
0.361246
0.715601
0.34938
0.852733
0.87909
0.0171801
0.697278
0.472608
0.199394
0.304916
0.871829
0.877144
0.711553
0.713871
0.0777122
0.200816
0.528072
0.907332
0.451194
0.8375
0.487439
0.527979
0.892779
0.16627
0.104409
0.392269
0.586225
0.0373266
0.860273
0.0627878
0.857677
0.655285
0.879801
0.128758
0.21503
0.759633
0.262368
0.1917
0.0969626
0.223125
0.0306523
0.812409
0.54825
0.0751784
0.803016
0.073479
0.536199
0.183203
0.762877
0.771746
0.164045
0.755122
0.55409
0.992059
0.753237
0.258165
0.531935
0.513735
0.656367
0.0495937
0.786206
0.434416
0.203288
0.91617
0.838643
0.666934
0.708711
0.267559
0.00670519
0.0527145
0.27618
0.360195
0.55066
0.453574
0.211043
0.133826
0.0106294
0.668819
0.00463492
0.727683
0.246207
0.654513
0.758521
0.0877236
0.772611
0.299879
0.0810802
0.729599
0.546983
0.876278
0.575719
0.387912
0.902203
0.645892
0.40503
0.589778
0.595217
0.449031
0.497914
0.172543
0.0892068
0.00546921
0.858666
0.810524
0.252325
0.615054
0.563514
0.471681
0.0538578
0.455675
0.540926
0.92544
0.294009
0.159349
0.0177363
0.7846
0.182152
0.597936
0.875939
0.522356
0.00985694
0.547539
0.9636
0.285264
0.786454
0.473226
0.296419
0.537744
0.425764
0.844946
0.656583
0.0835522
0.117696
0.478293
0.0920187
0.44693
0.168031
0.380929
0.805828
0.51494
0.845564
0.753608
0.31638
0.671631
0.446096
0.0370485
0.816612
0.208015
0.658406
0.369774
0.0545376
0.562402
0.297037
0.634768
0.658592
0.398881
0.624386
0.028582
0.487378
0.518277
0.369496
0.0108766
0.707629
0.097766
0.349257
0.833328
0.832525
0.706393
0.903717
0.883602
0.725458
0.896919
0.816333
0.164354
0.803634
0.170503
0.769026
0.737138
0.73068
0.716775
0.533727
0.795106
0.831567
0.556005
0.292834
0.975002
0.0753638
0.832123
0.643327
0.00237926
0.373544
0.646386
0.48265
0.776041
0.838365
0.623273
0.853938
0.0682879
0.721194
0.227451
0.709823
0.442203
0.425795
0.849798
0.418225
0.661249
0.816086
0.125545
0.710503
0.548929
0.181905
0.559126
0.782808
0.900782
0.422736
0.369527
0.0157278
0.46927
0.675463
0.047647
0.48058
0.451009
0.808392
0.917591
0.061799
0.702438
0.282761
0.393505
0.780274
0.502982
0.968143
0.998393
0.747737
0.394648
0.959769
0.683713
0.342922
0.838828
0.696042
0.278559
0.733739
0.197046
0.936223
0.987084
0.97219
0.633903
0.522757
0.0729228
0.448877
0.473658
0.364336
0.200723
0.513519
0.622408
0.718104
0.742329
0.545685
0.672527
0.586781
0.124649
0.569817
0.461329
0.428699
0.305812
0.0125143
0.964744
0.464759
0.967185
0.848005
0.136854
0.486049
0.309675
0.618917
0.169916
0.676853
0.265952
0.754442
0.447363
0.235948
0.0439082
0.893582
0.292402
0.907085
0.412385
0.744369
0.865865
0.940858
0.714767
0.218398
0.288416
0.281278
0.160646
0.221488
0.773538
0.445416
0.930322
0.0605012
0.498687
0.293823
0.130241
0.447888
0.318419
0.991812
0.714427
0.165034
0.910361
0.926614
0.478355
0.101721
0.970213
0.323425
0.777709
0.100331
0.751908
0.0495628
0.781355
0.672774
0.625591
0.21778
0.191391
0.0484504
0.606711
0.253685
0.828508
0.0757346
0.890338
0.783024
0.93474
0.754226
0.413404
0.904459
3.08995e-05
0.00485122
0.761641
0.577697
0.69839
0.647251
0.618484
0.101999
0.0138739
0.178197
0.97698
0.385842
0.577171
0.615919
0.699348
0.797639
0.229367
0.0105985
0.663968
0.242994
0.149986
0.547817
0.00726138
0.140036
0.985724
0.758737
0.121682
0.1041
0.343757
0.969811
0.260359
0.876371
0.590273
0.672836
0.635293
0.741062
0.346785
0.445231
0.901214
0.490653
0.0325063
0.103482
0.246732
0.736984
0.706424
0.908568
0.645243
0.303155
0.595309
0.463585
0.782838
0.905633
0.184377
0.947224
0.714118
0.116522
0.293947
0.149646
0.494454
0.629206
0.785372
0.303433
0.63897
0.318357
0.982109
0.191144
0.00964064
0.51358
0.632111
0.241387
0.897723
0.942465
0.96703
0.823749
0.328647
0.597565
0.817724
0.382659
0.0774959
0.166857
0.196583
0.863455
0.562463
0.306739
0.158051
0.813985
0.795662
0.918889
0.26555
0.691376
0.546025
0.725891
0.964836
0.479313
0.252109
0.581096
0.232024
0.427803
0.165127
0.924914
0.211538
0.211445
0.196892
0.911967
0.178877
0.0837067
0.141952
0.2865
0.980502
0.938881
0.404289
0.473349
0.315824
0.584309
0.736551
0.638507
0.245589
0.557488
0.525693
0.533789
0.804808
0.35485
0.711399
0.689615
0.269505
0.312332
0.0361215
0.671075
0.358774
0.327504
0.41807
0.636993
0.00787937
0.237061
0.218552
0.312672
0.0894849
0.0491302
0.713438
0.00979514
0.537836
0.440318
0.129871
0.389673
0.178723
0.0594506
0.333745
0.398016
0.488552
0.702623
0.311868
0.963353
0.246454
0.693323
0.851652
0.709298
0.359732
0.477891
0.0289528
0.545592
0.657974
0.301857
0.391558
0.474647
0.519575
0.573247
0.999815
0.970893
0.430152
0.533819
0.809659
0.116491
0.289096
0.388005
0.916757
0.930816
0.138121
0.684949
0.536971
0.304484
0.803912
0.214164
0.623799
0.936409
0.0161913
0.542039
0.100083
0.713098
0.956432
0.159781
0.0856534
0.447579
0.269907
0.375398
0.937459
0.181133
0.437846
0.741773
0.458363
0.962982
0.18824
0.553626
0.919291
0.328616
0.592714
0.0560826
0.804962
0.379106
0.519606
0.578098
0.761456
0.548589
0.128542
0.181071
0.428143
0.21849
0.302969
0.566202
0.893737
0.316658
0.715292
0.300868
0.236319
0.102123
0.0332787
0.224763
0.287767
0.179402
0.166177
0.0898557
0.107345
0.853135
0.942156
0.918518
0.207336
0.551679
0.613664
0.345209
0.197818
0.0575039
0.0281185
0.414609
0.0936563
0.704045
0.535025
0.998857
0.820505
0.819269
0.62522
0.159565
0.0516948
0.116089
0.22603
0.486667
0.406699
0.851744
0.723851
0.644656
0.210982
0.124123
0.487347
0.513426
0.607855
0.43318
0.00923895
0.450514
0.730773
0.731329
0.818651
0.528196
0.926737
0.49776
0.148287
0.281
0.116985
0.366715
0.574267
0.159905
0.105058
0.494145
0.580694
0.168958
0.526465
0.655069
0.845842
0.797268
0.171152
0.870902
0.731607
0.862312
0.382968
0.126008
0.783271
0.97355
0.847357
0.0349782
0.49158
0.178043
0.952724
0.577635
0.688688
0.123969
0.463091
0.705219
0.719371
0.941229
0.772981
0.358094
0.220777
0.66196
0.927664
0.643296
0.997528
0.611902
0.0686896
0.78426
0.128789
0.219881
0.521274
0.840064
0.890091
0.744214
0.841609
0.132651
0.826283
0.726447
0.0521583
0.188858
0.65065
0.152118
0.882551
0.560517
0.00111238
0.174644
0.41909
0.797083
0.142045
0.301054
0.265427
0.671971
0.499459
0.415104
0.171276
0.890307
0.778173
0.173099
0.176529
0.715014
0.257207
0.381547
0.902852
0.747768
0.399499
0.72141
0.26141
0.0413126
0.48608
0.314526
0.380558
0.747613
0.375243
0.913203
0.372926
0.549362
0.249822
0.222105
0.870562
0.678244
0.484257
0.0283039
0.443717
0.663505
0.170225
0.725365
0.882366
0.531409
0.431264
0.708463
0.228749
0.913574
0.43114
0.689058
0.182183
0.602787
0.63758
0.100053
0.708247
0.19479
0.582084
0.387263
0.800328
0.651423
0.273399
0.923586
0.00293545
0.460866
0.355931
0.881191
0.347063
0.488892
0.755987
0.689924
0.318017
0.928746
0.813089
0.654976
0.831289
0.512344
0.438062
0.775732
0.789853
0.00685969
0.0769706
0.0843865
0.248679
0.0426104
0.689831
0.303464
0.643822
0.0799988
0.559806
0.889534
0.656892
0.132064
0.73411
0.255261
0.07592
0.919445
0.352872
0.400921
0.944566
0.296913
0.615363
0.612026
0.0880944
0.830825
0.439576
0.0134413
0.11028
0.314001
0.298087
0.79971
0.554399
0.040571
0.369651
0.0351327
0.515836
0.98625
0.841208
0.0695856
0.924945
0.216389
0.973087
0.774588
0.610358
0.826129
0.702191
0.243951
0.300374
0.1587
0.915861
0.790131
0.0505207
0.931743
0.283657
0.53419
0.867874
0.256188
0.221457
0.768686
0.683775
0.352625
0.362111
0.851435
0.675339
0.0282421
0.434014
0.140222
0.0148318
0.328585
0.587863
0.294441
0.227266
0.680716
0.872354
0.959614
0.659457
0.534716
0.950345
0.204091
0.0423014
0.641319
0.68705
0.866854
0.0960974
0.087291
0.704694
0.6369
0.993326
0.952137
0.485462
0.217501
0.14773
0.193678
0.407441
0.968174
0.00324445
0.509378
0.972345
0.658159
0.330964
0.961407
0.940827
0.709916
0.456756
0.710719
0.582888
0.513395
0.603003
0.671538
0.431542
0.752124
0.0835213
0.112845
0.716652
0.514322
0.74854
0.52078
0.762445
0.703828
0.501066
0.667367
0.776628
0.930538
0.0944597
0.830176
0.3377
0.0189723
0.978648
0.647808
0.705806
0.811544
0.412415
0.74922
0.627507
0.518555
0.413157
0.865649
0.9069
0.383277
0.17452
0.399685
0.750518
0.831258
0.507493
0.676421
0.198035
0.0914625
0.359608
0.458487
0.982387
0.234805
0.864413
0.712851
0.917622
0.0666502
0.464079
0.860458
0.0918951
0.427525
0.121466
0.0701418
0.0122671
0.925934
0.371628
0.345611
0.260884
0.958842
0.538176
0.493681
0.507926
0.744338
0.861014
0.179217
0.13707
0.520007
0.641164
0.662794
0.0586472
0.207614
0.59534
0.468436
0.54448
0.48333
0.882767
0.594475
0.332602
0.218521
0.307821
0.327844
0.471433
0.015048
0.362544
0.919352
0.338318
0.115997
0.211476
0.201743
0.673609
0.756574
0.782097
0.789204
0.904984
0.0825016
0.952755
0.582486
0.450329
0.701665
0.161481
0.35247
0.337855
0.0432284
0.786855
0.536291
0.197757
0.0478015
0.504836
0.259216
0.696876
0.409542
0.298056
0.794858
0.792757
0.462874
0.67126
0.387881
0.897352
0.884251
0.827334
0.891388
0.947965
0.830547
0.395915
0.158669
0.911009
0.0284893
0.472824
0.233353
0.636406
0.915706
0.765875
0.242314
0.0432593
0.791707
0.297933
0.775453
0.746192
0.152087
0.8777
0.798875
0.423416
0.476254
0.771838
0.178599
0.0400457
0.28718
0.0872292
0.694991
0.113617
0.837932
0.555356
0.190959
0.980533
0.943732
0.16593
0.0510459
0.0142138
0.231561
0.355035
0.740506
0.259463
0.735686
0.502673
0.91963
0.381979
0.970769
0.410747
0.487254
0.498872
0.322931
0.70009
0.914069
0.50876
0.875321
0.425331
0.777029
0.993604
0.995798
0.340234
0.416772
0.433242
0.0189414
0.973797
0.886166
0.128109
0.113154
0.765164
0.130736
0.525508
0.504681
0.23496
0.888669
0.521058
0.806106
0.558601
0.700337
0.952878
0.601891
0.496895
0.0124525
0.955041
0.941476
0.811791
0.451225
0.842351
0.249081
0.105676
0.591169
0.813522
0.722893
0.494268
0.600099
0.215524
0.837252
0.44863
0.434848
0.271205
0.579149
0.926397
0.444396
0.770231
0.926336
0.434694
0.246949
0.770942
0.0379137
0.952446
0.533974
0.833915
0.924698
0.177579
0.879956
0.153014
0.0232364
0.648117
0.754318
0.427958
0.189383
0.733121
0.100022
0.703396
0.433149
0.00438773
0.688873
0.153076
0.0329388
0.171399
0.909712
0.824738
0.483886
0.970089
0.30402
0.731144
0.789544
0.958347
0.460557
0.307419
0.264778
0.570095
0.50499
0.283472
0.505083
0.298026
0.790007
0.0311158
0.885178
0.97287
0.74063
0.278868
0.782251
0.81346
0.713191
0.970985
0.444705
0.818744
0.542749
0.211661
0.23085
0.243457
0.222754
0.972438
0.672713
0.615889
0.694497
0.0359979
0.65167
0.312208
0.0167166
0.624509
0.0479869
0.533943
0.829064
0.163057
0.599883
0.181565
0.505763
0.404752
0.546117
0.740444
0.249761
0.212403
0.347279
0.52285
0.0874764
0.733801
0.206748
0.459506
0.142478
0.368971
0.928406
0.759726
0.276921
0.476625
0.830053
0.318296
0.972407
0.667861
0.854247
0.1168
0.337608
0.00441863
0.693724
0.914717
0.610636
0.86979
0.556963
0.443222
0.585885
0.983963
0.482217
0.708123
0.175385
0.535519
0.0764762
0.00676699
0.062417
0.799462
0.515589
0.94744
0.748077
0.448012
0.337824
0.0383772
0.025214
0.958595
0.499367
0.40055
0.886352
0.157217
0.683002
0.231344
0.321077
0.409016
0.215586
0.846955
0.971912
0.590242
0.667985
0.873652
0.163366
0.648395
0.797979
0.28273
0.388654
0.0186324
0.925285
0.269752
0.351142
0.129253
0.292649
0.945895
0.505516
0.365943
0.452986
0.11887
0.662639
0.0343911
0.399407
0.706857
0.976485
0.308222
0.390909
0.372771
0.525106
0.441615
0.333622
0.378611
0.441986
0.391836
0.518308
0.374347
0.772518
0.285326
0.796156
0.996508
0.451812
0.934524
0.720267
0.0819145
0.860582
0.1113
0.474091
0.432253
0.863702
0.601273
0.39987
0.779625
0.401106
0.973674
0.866761
0.0815437
0.802367
0.971603
0.54173
0.0515712
0.0966845
0.179464
0.17588
0.613138
0.262738
0.249915
0.236659
0.155486
0.411334
0.579427
0.970058
0.299169
0.969502
0.211847
0.259957
0.813305
0.688935
0.162778
0.556222
0.326793
0.306492
0.119241
0.720854
0.174088
0.331768
0.0875382
0.743503
0.730031
0.6149
0.539258
0.663474
0.165374
0.963724
0.304669
0.833019
0.784013
0.0899793
0.12675
0.8997
0.252943
0.712079
0.796342
0.0256157
0.0216605
0.400705
0.910608
0.965423
0.571486
0.723295
0.557334
0.501437
0.725582
0.916324
0.862899
0.475141
0.597194
0.759509
0.242963
0.145135
0.786176
0.429565
0.441646
0.338473
0.140253
0.019683
0.0902265
0.165559
0.992831
0.874517
0.2992
0.974353
0.973488
0.837654
0.511695
0.336186
0.781263
0.658221
0.340667
0.484689
0.096221
0.106696
0.751259
0.947687
0.786886
0.541143
0.959398
0.625498
0.203226
0.906467
0.31536
0.511541
0.31193
0.973056
0.769737
0.848716
0.248432
0.00380064
0.5967
0.68189
0.0567006
0.901987
0.611933
0.0735408
0.545901
0.706486
0.918271
0.168526
0.458548
0.99209
0.758088
0.0198066
0.109631
0.212125
0.303618
0.668078
0.888206
0.44829
0.381485
0.89315
0.224485
0.244106
0.32463
0.966907
0.804344
0.282081
0.286778
0.0241634
0.793653
0.60356
0.75886
0.141087
0.150666
0.654544
0.763372
0.849365
0.350307
0.99827
0.728332
0.348083
0.648982
0.890152
0.753917
0.364892
0.288045
0.223063
0.0209499
0.289126
0.392856
0.678398
0.508513
0.836511
0.3322
0.155455
0.406483
0.817786
0.392362
0.600779
0.322251
0.593363
0.157958
0.799431
0.510738
0.185799
0.17038
0.749621
0.690573
0.419893
0.923215
0.944721
0.321169
0.42357
0.50051
0.580045
0.0670828
0.531996
0.523437
0.17965
0.204987
0.182987
0.728919
0.440256
0.120168
0.866391
0.0233291
0.66267
0.0392423
0.161048
0.284553
0.674876
0.955474
0.00939344
0.474771
0.53898
0.619813
0.310602
0.764453
0.0191577
0.00775577
0.217656
0.171987
0.00188487
0.295924
0.460124
0.239502
0.601798
0.482341
0.727528
0.221951
0.846306
0.870037
0.595773
0.536353
0.207459
0.571084
0.660229
0.655996
0.991379
0.64651
0.502055
0.822606
0.149152
0.416834
0.442944
0.542224
0.129191
0.282947
0.422612
0.350122
0.969162
0.158483
0.881902
0.458641
0.00664339
0.0430121
0.752897
0.204802
0.153879
0.159071
0.974075
0.929827
0.982882
0.312425
0.0506752
0.955999
0.0918642
0.422674
0.359824
0.492445
0.313877
0.278682
0.753144
0.243612
0.24701
0.780645
0.561196
0.107839
0.930754
0.128418
0.161666
0.381578
0.907703
0.509409
0.977196
0.4198
0.908661
0.659797
0.588079
0.3284
0.558755
0.724593
0.761085
0.490375
0.988845
0.24871
0.0474616
0.451472
0.881161
0.342212
0.72725
0.17829
0.991534
0.670766
0.310262
0.71109
0.641102
0.653091
0.535364
0.0522201
0.19856
0.173933
0.307512
0.279331
0.85502
0.238081
0.378642
0.446837
0.153478
0.0960047
0.0727374
0.419769
0.90381
0.898155
0.0103822
0.63001
0.911504
0.106109
0.659086
0.476501
0.810648
0.27173
0.66162
0.874301
0.265241
0.642864
0.929611
0.948923
0.980935
0.00679789
0.0672682
0.561104
0.0932855
0.64583
0.395328
0.0664957
0.439823
0.052251
0.203411
0.935575
0.885208
0.977721
0.502271
0.856565
0.480641
0.460711
0.331675
0.0729846
0.458579
0.996941
0.519729
0.597503
0.808022
0.859376
0.922102
0.770077
0.90208
0.626487
0.358465
0.278991
0.801656
0.860025
0.023978
0.764546
0.0337113
0.29268
0.950746
0.267157
0.943639
0.151377
0.766122
0.281124
0.13639
0.413281
0.885054
0.953465
0.694064
0.968081
0.988691
0.224454
0.239255
0.562989
0.38921
0.105954
0.63483
0.668294
0.922164
0.779779
0.425362
0.781881
0.755245
0.573494
0.0386244
0.0640237
0.0517257
0.120941
0.987671
0.0643636
0.105089
0.498996
0.342335
0.746655
0.224856
0.302321
0.464327
0.899268
0.185026
0.0490993
0.708587
0.248154
0.96014
0.741928
0.482619
0.771189
0.0767234
0.0455767
0.155548
0.421036
0.10271
0.125452
0.695949
0.264005
0.448815
0.463956
0.841053
0.0453295
0.116738
0.327905
0.481136
0.538331
0.517937
0.316133
0.632821
0.352965
0.415474
0.22949
0.0300034
0.710534
0.553781
0.943547
0.136823
0.481198
0.548033
0.0412199
0.471526
0.0296017
0.647468
0.652443
0.433489
0.0577511
0.0669283
0.50774
0.71523
0.291166
0.713036
0.946729
0.636498
0.93026
0.0507988
0.975404
0.13843
0.733461
0.153385
0.081451
0.787813
0.686679
0.808639
0.956401
0.15493
0.324012
0.869882
0.571517
0.728146
0.318975
0.0791336
0.423972
0.563576
0.481383
0.577141
0.611068
0.937707
0.219943
0.530977
0.363347
0.045484
0.140994
0.136112
0.36962
0.0302815
0.754195
0.408553
0.142817
0.422334
0.306461
0.11439
0.959213
0.596391
0.633378
0.440287
0.125019
0.628032
0.601026
0.36106
0.686494
0.779532
0.386553
0.688749
0.133671
0.986373
0.860612
0.116151
0.235732
0.00994963
0.562093
0.248525
0.0183543
0.881624
0.41498
0.151871
0.843741
0.467386
0.379538
0.587523
0.241078
0.849211
0.326051
0.190063
0.839848
0.856132
0.412724
0.797732
0.243921
0.295523
0.397058
0.338164
0.0917406
0.403269
0.313259
0.181658
0.520316
0.689676
0.279208
0.835615
0.191515
0.0678553
0.653277
0.564472
0.622068
0.664741
0.364274
0.191021
0.990236
0.467015
0.321324
0.447826
0.308717
0.468529
0.559033
0.768254
0.615858
0.689646
0.274357
0.0739734
0.613818
0.369465
0.0060254
0.945988
0.520069
0.650867
0.186077
0.214041
0.604394
0.889843
0.705404
0.748478
0.511077
0.239162
0.548435
0.104286
0.372864
0.539659
0.72654
0.066712
0.473782
0.383741
0.247289
0.824306
0.415969
0.30711
0.216265
0.953682
0.728023
0.29957
0.0325681
0.113185
0.770015
0.892377
0.103204
0.203071
0.882211
0.507153
0.623057
0.81998
0.736798
0.677317
0.33872
0.179063
0.112814
0.711801
0.752681
0.170843
0.82239
0.115193
0.0853444
0.399067
0.653493
0.59843
0.953558
0.708618
0.253005
0.721781
0.319624
0.181009
0.418441
0.695207
0.147576
0.169422
0.599234
0.0796898
0.511294
0.273121
0.879925
0.148163
0.261595
0.0704199
0.0559281
0.780706
0.570899
0.631122
0.0861478
0.525199
0.456169
0.618546
0.111702
0.537157
0.333591
0.37376
0.680345
0.81414
0.819918
0.727096
0.154034
0.183327
0.782282
0.818311
0.474832
0.548682
0.143096
0.465995
0.161234
0.313661
0.244724
0.421654
0.199734
0.35828
0.249884
0.231808
0.393845
0.833637
0.881037
0.322807
0.680685
0.867503
0.197973
0.08176
0.836325
0.303093
0.585607
0.940302
0.627445
0.508853
0.889874
0.710256
0.51012
0.0887742
0.937552
0.195686
0.72277
0.474863
0.553533
0.904737
0.0436919
0.859624
0.960912
0.863208
0.523654
0.213608
0.536477
0.226864
0.61765
0.971016
0.449557
0.580385
0.120446
0.910052
0.878102
0.861941
0.324754
0.986312
0.85091
0.592868
0.0803387
0.613169
0.26759
0.0115564
0.814356
0.853876
0.0585854
0.197911
0.0720576
0.313043
0.1477
0.188827
0.645799
0.390477
0.304854
0.862127
0.353861
0.55616
0.317091
0.783209
0.963848
0.324074
0.879585
0.0947996
0.88354
0.715756
0.373637
0.66094
0.767574
0.509131
0.933535
0.565028
0.70939
0.374285
0.762816
0.762043
0.640763
0.599728
0.157309
0.697556
0.516269
0.0541668
0.504187
0.15734
0.702407
0.27791
0.631864
0.202577
0.804592
0.320891
0.379909
0.645737
0.380774
0.781572
0.706733
0.957081
0.261657
0.0801224
0.579211
0.9361
0.967679
0.925625
0.323116
0.729197
0.483917
0.974941
0.0656614
0.30884
0.487934
0.605599
0.0790409
0.409418
0.278652
0.748293
0.48197
0.669314
0.0822544
0.913945
0.489355
0.828755
0.114544
0.983469
0.404598
0.521861
0.932237
0.361277
0.720452
0.111022
0.43043
0.57748
0.664432
0.315762
0.574607
0.213268
0.483113
0.848809
0.262986
0.288725
0.32979
0.77706
0.998455
0.757439
0.917931
0.115162
0.0804932
0.637425
0.0757964
0.90004
0.306307
0.0901338
0.151006
0.707907
0.141427
0.204029
0.032599
0.118036
0.531657
0.470074
0.801594
0.850323
0.500695
0.609152
0.636931
0.998177
0.713778
0.0631585
0.915892
0.794982
0.812162
0.50944
0.982047
0.181442
0.486358
0.358187
0.23533
0.946884
0.660755
0.738467
0.939283
0.467355
0.374687
0.825881
0.663381
0.15082
0.6788
0.571579
0.737849
0.842258
0.234527
0.820752
0.858079
0.718351
0.781139
0.638816
0.294101
0.173902
0.30266
0.51769
0.277323
0.53969
0.731391
0.828353
0.0514785
0.0821308
0.89454
0.44279
0.517968
0.320984
0.394463
0.930662
0.113865
0.876742
0.648487
0.812533
0.567654
0.121744
0.113803
0.86704
0.125205
0.657139
0.170874
0.827241
0.876835
0.663041
0.097457
0.300745
0.216914
0.0555573
0.722492
0.431202
0.698761
0.705466
0.758181
0.0343602
0.394556
0.945215
0.398789
0.609832
0.743658
0.754287
0.423107
0.427742
0.155424
0.401631
0.0561444
0.814665
0.902389
0.674999
0.974879
0.055959
0.785558
0.33254
0.208819
0.784538
0.17245
0.0746532
0.720545
0.125576
0.715354
0.310571
0.759602
0.257516
0.430059
0.519266
0.524735
0.383401
0.193925
0.44625
0.0613046
0.624818
0.0964991
0.150357
0.606032
0.146958
0.0723975
0.366406
0.525755
0.543491
0.328091
0.510243
0.108179
0.984118
0.506473
0.51633
0.0638692
0.0274696
0.312734
0.0991873
0.572413
0.868832
0.406575
0.832339
0.677286
0.333869
0.417421
0.535117
0.0134104
0.105429
0.552359
0.720391
0.101319
0.907147
0.422087
0.267651
0.0212588
0.337639
0.00926985
0.455366
0.492414
0.309026
0.517041
0.175447
0.545221
0.599759
0.16216
0.459197
0.0939653
0.752557
0.151438
0.775824
0.804406
0.291784
0.810061
0.179557
0.190434
0.898063
0.995829
0.345085
0.178414
0.0109384
0.717332
0.621049
0.50465
0.230108
0.127028
0.943361
0.107716
0.911349
0.0818527
0.850879
0.588017
0.318697
0.0354726
0.569199
0.364305
0.195872
0.751877
0.0447116
0.0197139
0.0950777
0.927201
0.570528
0.572907
0.946451
0.592837
0.0754874
0.851528
0.689893
0.313166
0.167104
0.235392
0.956586
0.184037
0.89386
0.336063
0.761858
0.611655
0.0298798
0.691129
0.507215
0.63276
0.343262
0.892192
0.074097
0.633223
0.416031
0.316812
0.739548
0.109075
0.124803
0.594073
0.269536
0.317183
0.797763
0.248772
0.057164
0.974755
0.0365541
0.738992
0.0217532
0.415258
0.195532
0.698514
0.666656
0.66505
0.412786
0.807434
0.767203
0.450916
0.793839
0.632667
0.328709
0.607268
0.341007
0.538053
0.474276
0.46136
0.433551
0.0674536
0.590211
0.663134
0.112011
0.585669
0.950005
0.150728
0.664246
0.286655
0.00475852
0.747088
0.292773
0.9653
0.552081
0.67673
0.246547
0.707876
0.136576
0.442388
0.454902
0.419646
0.884405
0.85159
0.699595
0.836449
0.322498
0.632173
0.251089
0.421005
0.0978587
0.363811
0.118252
0.565615
0.801564
0.845472
0.739054
0.0314557
0.938541
0.350925
0.095294
0.961159
0.902018
0.616785
0.835182
0.123598
0.404876
0.565522
0.78701
0.560548
0.0059636
0.936285
0.996786
0.495473
0.789296
0.919538
0.367426
0.685845
0.677657
0.392084
0.557118
0.467478
0.394092
0.872447
0.974168
0.944381
0.267806
0.0455149
0.145846
0.897754
0.947316
0.728672
0.401446
0.027037
0.244817
0.436208
0.484658
0.0913698
0.345055
0.173562
0.249297
0.139635
0.922659
0.857399
0.611624
0.0250286
0.929487
0.929518
0.934369
0.696011
0.273708
0.972098
0.619349
0.237833
0.339833
0.353706
0.531904
0.508884
0.894725
0.471897
0.0878163
0.787164
0.584804
0.814171
0.824769
0.488737
0.731731
0.881717
0.429534
0.436795
0.576832
0.562556
0.321293
0.442975
0.547075
0.890832
0.860643
0.121002
0.997374
0.587646
0.260483
0.895776
0.636838
0.983623
0.428854
0.330068
0.820721
0.853227
0.95671
0.203442
0.940426
0.64685
0.555418
0.200661
0.503816
0.0991255
0.562711
0.345549
0.251182
0.435559
0.382783
0.0969008
0.213423
0.50737
0.657016
0.151469
0.780675
0.566048
0.869481
0.508451
0.826808
0.808918
6.1799e-05
0.00970244
0.523283
0.155394
0.39678
0.294503
0.236968
0.203998
0.0277477
0.356395
0.95396
0.771684
0.154343
0.231839
0.398696
0.595279
0.458734
0.021197
0.327936
0.485987
0.299972
0.0956339
0.0145228
0.280073
0.971449
0.517474
0.243364
0.208201
0.687514
0.939622
0.520718
0.752742
0.180546
0.345673
0.270587
0.482125
0.69357
0.890461
0.802429
0.981306
0.0650125
0.206965
0.493465
0.473967
0.412848
0.817137
0.290486
0.60631
0.190619
0.92717
0.565677
0.811266
0.368754
0.894447
0.428236
0.233044
0.587894
0.299292
0.988907
0.258412
0.570744
0.606866
0.277941
0.636715
0.964218
0.382288
0.0192813
0.0271606
0.264221
0.482774
0.795445
0.88493
0.934061
0.647499
0.657294
0.19513
0.635448
0.765318
0.154992
0.333714
0.393165
0.72691
0.124927
0.613478
0.316102
0.62797
0.591323
0.837778
0.5311
0.382752
0.0920496
0.451781
0.929673
0.958626
0.504218
0.162191
0.464048
0.855607
0.330254
0.849829
0.423076
0.42289
0.393783
0.823935
0.357754
0.167413
0.283904
0.573
0.961005
0.877762
0.808578
0.946698
0.631647
0.168618
0.473102
0.277014
0.491178
0.114977
0.0513858
0.0675772
0.609616
0.709699
0.422798
0.379229
0.539011
0.624664
0.072243
0.34215
0.717548
0.655007
0.83614
0.273986
0.0157587
0.474122
0.437104
0.625344
0.17897
0.0982604
0.426876
0.0195903
0.0756728
0.880635
0.259741
0.779347
0.357445
0.118901
0.667491
0.796033
0.977103
0.405247
0.623737
0.926706
0.492909
0.386645
0.703303
0.418595
0.719464
0.955783
0.0579056
0.0911844
0.315947
0.603714
0.783117
0.949294
0.0391496
0.146494
0.999629
0.941785
0.860303
0.067639
0.619318
0.232982
0.578191
0.77601
0.833514
0.861632
0.276241
0.369898
0.0739425
0.608967
0.607824
0.428329
0.247598
0.872818
0.0323827
0.0840775
0.200167
0.426197
0.912863
0.319562
0.171307
0.895158
0.539814
0.750796
0.874919
0.362266
0.875691
0.483546
0.916726
0.925965
0.376479
0.107252
0.838581
0.657232
0.185428
0.112165
0.609925
0.758212
0.0392114
0.156197
0.522912
0.0971789
0.257084
0.362142
0.856287
0.436981
0.605939
0.132404
0.787473
0.633316
0.430584
0.601737
0.472639
0.204246
0.0665575
0.449526
0.575534
0.358805
0.332355
0.179711
0.21469
0.70627
0.884312
0.837036
0.414671
0.103359
0.227328
0.690418
0.395637
0.115008
0.0562371
0.829219
0.187313
0.408089
0.0700491
0.997713
0.64101
0.638538
0.25044
0.31913
0.10339
0.232179
0.452059
0.973334
0.813398
0.703489
0.447703
0.289312
0.421963
0.248246
0.974693
0.0268517
0.215709
0.86636
0.0184779
0.901029
0.461546
0.462658
0.637302
0.0563916
0.853475
0.99552
0.296573
0.562
0.233971
0.73343
0.148534
0.31981
0.210116
0.988289
0.161388
0.337917
0.0529308
0.310138
0.691685
0.594537
0.342304
0.741804
0.463214
0.724624
0.765936
0.252016
0.566542
0.9471
0.694713
0.0699564
0.98316
0.356086
0.905448
0.15527
0.377375
0.247937
0.926181
0.410438
0.438742
0.882458
0.545963
0.716188
0.441554
0.323919
0.855329
0.286593
0.995056
0.223805
0.137379
0.56852
0.257578
0.439761
0.0425486
0.680129
0.780181
0.488428
0.683218
0.265303
0.652566
0.452894
0.104317
0.377715
0.301301
0.304236
0.765102
0.121033
0.00222476
0.349288
0.838179
0.594166
0.28409
0.602107
0.530853
0.343942
0.998919
0.830207
0.342552
0.780614
0.556345
0.346198
0.353058
0.430028
0.514415
0.763094
0.805704
0.495535
0.798999
0.442821
0.522819
0.0826252
0.97216
0.629052
0.761116
0.495226
0.750487
0.826407
0.745852
0.0987239
0.499645
0.444211
0.741124
0.356487
0.968513
0.0566079
0.887433
0.327009
0.340451
0.450731
0.764731
0.0628187
0.862528
0.416927
0.457498
0.827148
0.862281
0.378117
0.364367
0.205574
0.27516
0.200105
0.416494
0.389581
0.164169
0.774526
0.600655
0.302846
0.546797
0.847171
0.0058709
0.921732
0.711862
0.762383
0.694126
0.977783
0.511974
0.379847
0.636035
0.857492
0.626178
0.309953
0.662578
0.0246887
0.876124
0.551463
0.579705
0.0137194
0.153941
0.168773
0.497358
0.0852208
0.379662
0.606928
0.287643
0.159998
0.119612
0.779069
0.313784
0.264129
0.46822
0.510521
0.15184
0.83889
0.705744
0.801842
0.889133
0.593826
0.230726
0.224052
0.176189
0.661651
0.879152
0.0268826
0.220561
0.628001
0.596175
0.599419
0.108797
0.081142
0.739301
0.0702654
0.031672
0.972499
0.682415
0.139171
0.84989
0.432778
0.946173
0.549177
0.220715
0.652257
0.404382
0.487903
0.600748
0.317399
0.831721
0.580261
0.101041
0.863486
0.567315
0.0683806
0.735748
0.512375
0.442913
0.537373
0.367549
0.70525
0.724222
0.702871
0.350678
0.0564843
0.868028
0.280444
0.0296635
0.65717
0.175725
0.588882
0.454531
0.361431
0.744708
0.919229
0.318914
0.0694311
0.900689
0.408182
0.0846028
0.282638
0.3741
0.733708
0.192195
0.174582
0.409387
0.2738
0.986651
0.904273
0.970924
0.435003
0.295461
0.387356
0.814881
0.936347
0.00648889
0.018756
0.94469
0.316318
0.661929
0.922813
0.881655
0.419831
0.913512
0.421438
0.165776
0.0267899
0.206007
0.343077
0.863084
0.504249
0.167043
0.22569
0.433303
0.0286438
0.49708
0.0415598
0.52489
0.407657
0.00213206
0.334734
0.553255
0.861076
0.188919
0.660353
0.675401
0.0379446
0.957297
0.295615
0.411612
0.623088
0.824831
0.49844
0.255013
0.0371103
0.826314
0.731298
0.8138
0.766554
0.349041
0.79937
0.501035
0.662516
0.0149862
0.352841
0.39607
0.182925
0.719216
0.916973
0.964775
0.46961
0.728826
0.425702
0.835244
0.1333
0.928159
0.720916
0.18379
0.855051
0.242932
0.140284
0.0245342
0.851868
0.743256
0.691221
0.521769
0.917684
0.0763526
0.987362
0.0158514
0.488675
0.722028
0.358434
0.27414
0.0400148
0.282329
0.325588
0.117294
0.415227
0.190681
0.936872
0.0889596
0.966659
0.765535
0.18895
0.665204
0.437042
0.615641
0.655687
0.942867
0.0300961
0.725087
0.838705
0.676637
0.231993
0.422952
0.403485
0.347218
0.513148
0.564194
0.578407
0.809968
0.165003
0.905509
0.164972
0.900658
0.403331
0.322961
0.704941
0.67571
0.0864568
0.573711
0.0725829
0.395513
0.095603
0.00967154
0.518432
0.393752
0.819084
0.596113
0.589717
0.585514
0.925749
0.342521
0.775762
0.794704
0.768501
0.654667
0.782777
0.895931
0.661094
0.79183
0.317338
0.822019
0.0569786
0.945648
0.466706
0.272812
0.831412
0.531749
0.484628
0.0865186
0.583413
0.595866
0.550907
0.492383
0.304175
0.7554
0.597751
0.846831
0.952507
0.543676
0.357198
0.0800915
0.57436
0.174458
0.389982
0.227235
0.675864
0.110713
0.381918
0.961067
0.887464
0.33186
0.102092
0.0284275
0.463121
0.71007
0.481012
0.518926
0.471372
0.00534561
0.839261
0.763959
0.941538
0.821494
0.974508
0.997744
0.645861
0.400179
0.828137
0.01752
0.750641
0.850663
0.554059
0.987208
0.991595
0.680468
0.833544
0.866483
0.0378828
0.947594
0.772333
0.256219
0.226308
0.530328
0.261471
0.051015
0.00936254
0.469919
0.777338
0.042116
0.612211
0.117202
0.400674
0.905757
0.203782
0.993789
0.024905
0.910083
0.882953
0.623582
0.90245
0.684702
0.498161
0.211352
0.182338
0.627043
0.445787
0.988536
0.200198
0.431048
0.674505
0.897259
0.869697
0.54241
0.158298
0.852795
0.888793
0.540463
0.852671
0.869388
0.493897
0.541884
0.0758273
0.904891
0.067948
0.667831
0.849396
0.355159
0.759911
0.306028
0.0464728
0.296233
0.508636
0.855916
0.378766
0.466242
0.200043
0.406792
0.866298
0.00877545
0.377746
0.306152
0.0658777
0.342799
0.819423
0.649476
0.967772
0.940179
0.60804
0.462287
0.579087
0.916695
0.921114
0.614838
0.529555
0.140191
0.00998053
0.566944
0.0101659
0.596051
0.580014
0.0622316
0.770355
0.945741
0.481259
0.557736
0.564503
0.62692
0.426382
0.941971
0.889411
0.637487
0.0854989
0.423323
0.4617
0.486914
0.445509
0.944875
0.345425
0.231777
0.388994
0.0719958
0.30334
0.624417
0.0334332
0.249019
0.0959738
0.0678862
0.658128
0.326113
0.199765
0.363131
0.0115255
0.809505
0.092235
0.480889
0.499521
0.424806
0.694559
0.0457003
0.174953
0.467602
0.413497
0.919012
0.284955
0.737941
0.856812
0.519451
0.553842
0.953249
0.660106
0.636591
0.944814
0.335723
0.708494
0.2336
0.675216
0.00883725
0.387449
0.829435
0.221271
0.739579
0.113926
0.886444
0.17177
0.967926
0.964435
0.416247
0.350771
0.0710379
0.152952
0.013534
0.124834
0.598925
0.0311776
0.89488
0.496153
0.896023
0.675648
0.0767543
0.050428
0.917189
0.998733
0.8011
0.772703
0.314433
0.366004
0.462689
0.642153
0.818033
0.431171
0.69391
0.943825
0.180484
0.33597
0.747304
0.326731
0.29679
0.595958
0.565461
0.777307
0.0372648
0.85057
0.539505
0.702283
0.258505
0.585298
0.89179
0.0110311
0.731885
0.905973
0.237741
0.325279
0.0687823
0.798813
0.413713
0.952971
0.616445
0.781819
0.745543
0.0502117
0.883231
0.667243
0.757223
0.883972
0.783673
0.0366159
0.748694
0.545036
0.570652
0.592312
0.993017
0.903625
0.869048
0.440534
0.163829
0.721163
0.2226
0.948182
0.864506
0.727405
0.202546
0.79974
0.55925
0.802212
0.947347
0.733523
0.163087
0.604734
0.943207
0.0834595
0.103142
0.193369
0.358928
0.35176
0.226277
0.525477
0.49983
0.473318
0.310972
0.822668
0.158854
0.940117
0.598338
0.939004
0.423694
0.519915
0.626611
0.37787
0.325557
0.112443
0.653586
0.612984
0.238482
0.441708
0.348175
0.663536
0.175076
0.487007
0.460062
0.229799
0.0785156
0.326947
0.330748
0.927448
0.609338
0.666038
0.568025
0.179959
0.253499
0.799401
0.505886
0.424157
0.592683
0.0512313
0.0433211
0.801409
0.821216
0.930847
0.142972
0.44659
0.114668
0.00287365
0.451163
0.832648
0.725798
0.950283
0.194389
0.519019
0.485925
0.29027
0.572351
0.859129
0.883293
0.676946
0.280506
0.0393659
0.180453
0.331119
0.985663
0.749034
0.598399
0.948707
0.946976
0.675308
0.0233909
0.672373
0.562525
0.316442
0.681334
0.969379
0.192442
0.213392
0.502518
0.895374
0.573773
0.0822853
0.918796
0.250997
0.406452
0.812935
0.63072
0.0230819
0.623861
0.946111
0.539474
0.697432
0.496864
0.00760127
0.1934
0.36378
0.113401
0.803974
0.223867
0.147082
0.0918024
0.412972
0.836542
0.337052
0.917097
0.984179
0.516176
0.0396131
0.219263
0.42425
0.607237
0.336155
0.776411
0.896579
0.76297
0.786299
0.44897
0.488212
0.64926
0.933813
0.608689
0.564163
0.573556
0.0483268
0.587306
0.207119
0.517721
0.282174
0.301332
0.309088
0.526744
0.69873
0.700615
0.996539
0.456663
0.696165
0.297964
0.780305
0.507833
0.729784
0.57609
0.446127
0.0418997
0.578253
0.785712
0.356796
0.0170256
0.673022
0.664401
0.310911
0.812965
0.635571
0.784723
0.201557
0.644501
0.186726
0.315916
0.598863
0.0214751
0.371597
0.34076
0.499243
0.381145
0.839786
0.84643
0.889442
0.642338
0.84714
0.00101968
0.16009
0.134166
0.0639928
0.0468745
0.359299
0.409974
0.365973
0.457838
0.880512
0.240336
0.732781
0.0466582
0.325341
0.0784847
0.322096
0.569107
0.349751
0.910948
0.0187869
0.949541
0.0779594
0.239625
0.621203
0.528906
0.0383154
0.0155115
0.435312
0.343973
0.00376974
0.591849
0.920248
0.479004
0.203597
0.964682
0.455057
0.443902
0.692612
0.740074
0.191546
0.0727065
0.414918
0.142169
0.320459
0.311992
0.982758
0.29302
0.00410963
0.645212
0.298304
0.833668
0.885888
0.0844483
0.258381
0.565893
0.845224
0.700244
0.938325
0.316967
0.763804
0.917282
0.0132868
0.0860242
0.505794
0.409604
0.307759
0.318141
0.948151
0.859655
0.965763
0.624849
0.10135
0.911998
0.183728
0.845348
0.719649
0.98489
0.627754
0.557365
0.506288
0.487223
0.494021
0.561289
0.122393
0.215678
0.861509
0.256837
0.323332
0.763155
0.815406
0.0188178
0.954392
0.839601
0.817322
0.319593
0.176158
0.656799
0.117511
0.449186
0.52217
0.98075
0.977691
0.49742
0.0949232
0.902945
0.762321
0.684424
0.454501
0.35658
0.983067
0.341532
0.620523
0.42218
0.282205
0.306183
0.0707289
0.10444
0.39712
0.347866
0.615023
0.558663
0.710039
0.476161
0.757285
0.893675
0.306955
0.192009
0.145475
0.839539
0.80762
0.796311
0.0207645
0.260019
0.823008
0.212218
0.318172
0.953002
0.621296
0.54346
0.32324
0.748602
0.530482
0.285728
0.859222
0.897846
0.96187
0.0135958
0.134536
0.122207
0.186571
0.29166
0.790656
0.132991
0.879647
0.104502
0.406823
0.871149
0.770417
0.955443
0.00454222
0.713129
0.961283
0.921423
0.66335
0.145969
0.917158
0.993882
0.0394586
0.195007
0.616043
0.718753
0.844205
0.540154
0.804159
0.252974
0.71693
0.557983
0.603312
0.720051
0.047956
0.529092
0.0674227
0.58536
0.901492
0.534314
0.887279
0.302753
0.532244
0.562247
0.272781
0.826561
0.770108
0.906931
0.388128
0.936162
0.977382
0.448908
0.478509
0.125977
0.77842
0.211909
0.26966
0.336588
0.844328
0.559559
0.850725
0.563761
0.51049
0.146989
0.0772487
0.128047
0.103451
0.241881
0.975342
0.128727
0.210178
0.997992
0.684671
0.49331
0.449711
0.604641
0.928653
0.798535
0.370052
0.0981986
0.417174
0.496308
0.920279
0.483855
0.965238
0.542379
0.153447
0.0911535
0.311096
0.842073
0.20542
0.250904
0.391898
0.52801
0.89763
0.927912
0.682106
0.0906591
0.233477
0.655811
0.962272
0.0766616
0.0358743
0.632265
0.265643
0.70593
0.830949
0.458981
0.0600068
0.421067
0.107561
0.887093
0.273646
0.962395
0.0960665
0.0824398
0.943052
0.0592034
0.294936
0.304885
0.866978
0.115502
0.133857
0.0154806
0.430461
0.582332
0.426073
0.893459
0.272997
0.86052
0.101598
0.950808
0.276859
0.466922
0.30677
0.162902
0.575626
0.373358
0.617279
0.912802
0.30986
0.648024
0.739765
0.143034
0.456293
0.637951
0.158267
0.847944
0.127151
0.962766
0.154281
0.222136
0.875413
0.439885
0.0619535
0.726694
0.0909681
0.281989
0.272224
0.739239
0.060563
0.508389
0.817106
0.285635
0.844668
0.612922
0.22878
0.918425
0.192782
0.266755
0.880573
0.250039
0.256064
0.202052
0.722121
0.372988
0.559064
0.773105
0.377499
0.267342
0.972747
0.721225
0.232302
0.471464
0.0198993
0.124185
0.497049
0.0367086
0.763248
0.82996
0.303742
0.687483
0.934771
0.759077
0.175046
0.482156
0.698421
0.652103
0.380125
0.679696
0.712264
0.825449
0.595464
0.487841
0.591045
0.794117
0.676328
0.183481
0.806538
0.626518
0.363316
0.0406328
0.379353
0.558415
0.671229
0.38303
0.135711
0.306554
0.128944
0.244137
0.329481
0.728548
0.382041
0.980472
0.93403
0.642647
0.895652
0.617433
0.937058
0.118067
0.536508
0.231715
0.379291
0.548713
0.147947
0.227636
0.73893
0.0120508
0.891975
0.0401384
0.301733
0.372153
0.428081
0.208788
0.779687
0.410809
0.496956
0.0221549
0.478324
0.0968699
0.208572
0.745728
0.079319
0.453079
0.133424
0.947564
0.767481
0.494577
0.648611
0.831938
0.61422
0.432531
0.907363
0.456045
0.599141
0.0651361
0.22637
0.54003
0.784754
0.206409
0.406143
0.764422
0.0143065
0.246114
0.639959
0.473596
0.354633
0.67744
0.358125
0.225628
0.423601
0.505361
0.341686
0.64478
0.230387
0.170689
0.798134
0.306986
0.196861
0.907116
0.417236
0.50601
0.443562
0.639249
0.362018
0.836882
0.390415
0.295152
0.338844
0.198467
0.15938
0.0225875
0.546241
0.759849
0.296326
0.52319
0.14084
0.111856
0.561413
0.141798
0.262244
0.172296
0.0503971
0.912338
0.237092
0.223403
0.0743133
0.667182
0.74752
0.36069
0.628279
0.639836
0.454192
0.308068
0.366653
0.564564
0.636622
0.949665
0.0973643
0.286191
0.93199
0.322467
0.627321
0.489448
0.843309
0.399469
0.716559
0.499768
0.463616
0.78769
0.667274
0.762074
0.645614
0.361369
0.735006
0.395946
0.16352
0.672651
0.606186
0.171214
0.880604
0.25489
0.0177054
0.779748
0.420511
0.0202392
0.177548
0.875104
0.391373
0.44554
0.949727
0.107067
0.809474
0.0873837
0.719247
0.921824
0.726416
0.0473071
0.427216
0.0729537
0.453728
0.2353
0.942033
0.899113
0.16077
0.240892
0.820103
0.756203
0.723882
0.649507
0.972623
0.70182
0.185737
0.160677
0.226339
0.535179
0.0231128
0.628712
0.707753
0.117171
0.395822
0.144115
0.626085
0.295399
0.377653
0.291598
0.780954
0.609709
0.724253
0.707722
0.11232
0.634181
0.566418
0.927695
0.648148
0.759169
0.189599
0.76708
0.431511
0.747273
0.32188
0.535148
0.0182616
0.86707
0.130056
0.418781
0.748571
0.525631
0.524086
0.281525
0.199456
0.314619
0.395112
0.0325372
0.108334
0.00837376
0.31468
0.404814
0.55582
0.263727
0.405154
0.609183
0.641782
0.759818
0.291475
0.761549
0.563143
0.413466
0.914161
0.523314
0.160245
0.158422
0.8722
0.935358
0.85125
0.646232
0.458394
0.967834
0.949881
0.131323
0.617681
0.975868
0.211198
0.158082
0.818836
0.557303
0.496586
0.96394
0.338627
0.164509
0.82789
0.97871
0.65751
0.229089
0.966938
0.809196
0.0437228
0.864475
0.722554
0.440905
0.222044
0.86086
0.154961
0.328863
0.631524
0.149214
0.426536
0.966227
0.697618
0.525971
0.57745
0.65958
0.55412
0.99691
0.514878
0.835862
0.230325
0.160986
0.274851
0.151593
0.80008
0.612613
0.180268
0.302012
0.415814
0.282854
0.408059
0.0651979
0.236072
0.063313
0.940148
0.603189
0.700646
0.00139048
0.218305
0.273862
0.996354
0.427556
0.126317
0.831783
0.589964
0.624324
0.0188796
0.964095
0.362884
0.972716
0.716374
0.470661
0.893768
0.321509
0.476934
0.878565
0.934709
0.749374
0.651763
0.326762
0.301641
0.3576
0.143157
0.475698
0.684516
0.469054
0.641504
0.716157
0.436702
0.562278
0.277632
0.588203
0.347805
0.605321
0.0353799
0.554646
0.0793808
0.462782
0.656707
0.102957
0.164262
0.78908
0.885579
0.0359361
0.641968
0.788926
0.861323
0.227729
0.753484
0.296975
0.625066
0.135309
0.243488
0.227606
0.734079
0.250409
0.314279
0.341748
0.654482
0.753669
0.326082
0.194914
0.601489
0.433829
0.111115
0.444983
0.862405
0.397522
0.410932
0.516361
0.0687205
0.789111
0.89043
0.797577
0.219664
0.487316
0.508575
0.846213
0.855483
0.310849
0.803263
0.112289
0.62933
0.804777
0.349998
0.949757
0.111918
0.571115
0.66508
0.417637
0.569076
0.3449
0.149306
0.44109
0.251151
0.430708
0.621141
0.519204
0.515033
0.860118
0.0385317
0.0494701
0.766802
0.38785
0.892501
0.122609
0.249637
0.192998
0.300714
0.212063
0.293916
0.144795
0.732812
0.0515094
0.086982
0.656181
0.0204864
0.216358
0.968235
0.0129469
0.0326608
0.127738
0.0549393
0.625467
0.198375
0.144826
0.737663
0.813151
0.664679
0.354572
0.667738
0.834842
0.0702345
0.0268208
0.210858
0.104718
0.440781
0.202639
0.814294
0.844174
0.535303
0.0425177
0.675277
0.0185397
0.910731
0.984828
0.618051
0.0340821
0.350895
0.0904428
0.199518
0.324321
0.918394
0.187931
0.505114
0.302877
0.551648
0.608813
0.583568
0.620122
0.359114
0.380867
0.796125
0.991657
0.690171
0.356827
0.0218768
0.434663
0.242097
0.00930074
0.460217
0.254056
0.886722
0.215431
0.822699
0.163705
0.701758
0.176034
0.637395
0.0709452
0.138399
0.72861
0.391744
0.503754
0.0894231
0.0394277
0.190155
0.854402
0.141056
0.145815
0.892902
0.185675
0.150975
0.703056
0.379786
0.626333
0.334209
0.470785
0.913172
0.368075
0.787721
0.672126
0.523715
0.223311
0.0597596
0.382258
0.0144301
0.265519
0.686525
0.784383
0.148194
0.266446
0.832061
0.633625
0.479096
0.21815
0.249606
0.188147
0.539072
0.634366
0.595526
0.497543
0.114328
0.94951
0.0731082
0.477984
0.0435065
0.830516
0.391064
0.397027
0.333313
0.330099
0.825572
0.614869
0.534407
0.901832
0.587677
0.265334
0.657417
0.214535
0.682013
0.0761054
0.948552
0.92272
0.867101
0.134907
0.180422
0.326268
0.224021
0.171338
0.900009
0.301455
0.328492
0.573309
0.00951704
0.494175
0.585545
0.9306
0.104162
0.353459
0.493094
0.415753
0.273151
0.884776
0.909804
0.839292
0.76881
0.70318
0.39919
0.672898
0.644996
0.264345
0.502178
0.842011
0.195717
0.727621
0.236505
0.13123
0.603127
0.690943
0.478108
0.0629113
0.877082
0.701851
0.190588
0.922319
0.804035
0.233569
0.670364
0.247196
0.809752
0.131045
0.57402
0.121095
0.0119272
0.872571
0.993573
0.990946
0.578593
0.839075
0.734852
0.37169
0.355313
0.784167
0.114235
0.934957
0.788184
0.744894
0.948336
0.888762
0.535612
0.0910299
0.291691
0.795507
0.894633
0.457343
0.802892
0.0540741
0.489633
0.872416
0.969317
0.18274
0.690109
0.347125
0.498594
0.27927
0.845317
0.714798
0.223249
0.0500572
0.858975
0.859037
0.868739
0.392022
0.547415
0.944196
0.238699
0.475667
0.679665
0.707413
0.0638074
0.0177672
0.789451
0.943794
0.175633
0.574329
0.169607
0.628341
0.649538
0.977474
0.463461
0.763434
0.859067
0.87359
0.153663
0.125112
0.642586
0.88595
0.0941507
0.781664
0.721287
0.242005
0.994747
0.175293
0.520965
0.791552
0.273677
0.967247
0.857708
0.660137
0.641442
0.706455
0.91342
0.406884
0.880852
0.2937
0.110836
0.401322
0.00763217
0.198251
0.125421
0.691098
0.502364
0.871118
0.765566
0.193802
0.426845
0.0147391
0.314031
0.302939
0.561351
0.132095
0.738961
0.016902
0.653617
0.617835
0.000123598
0.0194049
0.0465655
0.310787
0.793561
0.589006
0.473936
0.407997
0.0554955
0.712789
0.90792
0.543367
0.308686
0.463678
0.797392
0.190557
0.917467
0.0423941
0.655872
0.971974
0.599944
0.191268
0.0290455
0.560146
0.942898
0.0349473
0.486729
0.416401
0.375027
0.879245
0.0414362
0.505485
0.361091
0.691345
0.541174
0.964249
0.38714
0.780923
0.604857
0.962612
0.130025
0.413929
0.98693
0.947934
0.825696
0.634274
0.580972
0.212619
0.381238
0.85434
0.131354
0.622532
0.737509
0.788895
0.856472
0.466088
0.175787
0.598585
0.977814
0.516825
0.141489
0.213732
0.555882
0.27343
0.928437
0.764577
0.0385626
0.0543213
0.528443
0.965547
0.590891
0.769861
0.868121
0.294997
0.314588
0.39026
0.270896
0.530637
0.309984
0.667429
0.78633
0.453821
0.249853
0.226957
0.632203
0.25594
0.182647
0.675555
0.0622007
0.765504
0.184099
0.903563
0.859346
0.917251
0.00843556
0.324383
0.928097
0.711213
0.660507
0.699657
0.846151
0.845781
0.787566
0.647869
0.715508
0.334827
0.567809
0.146
0.92201
0.755523
0.617155
0.893397
0.263295
0.337237
0.946204
0.554028
0.982356
0.229954
0.102772
0.135154
0.219232
0.419399
0.845595
0.758459
0.0780212
0.249328
0.144486
0.6843
0.435096
0.310015
0.67228
0.547971
0.0315175
0.948243
0.874208
0.250688
0.35794
0.196521
0.853753
0.0391805
0.151346
0.761271
0.519482
0.558694
0.71489
0.237802
0.334981
0.592065
0.954207
0.810493
0.247474
0.853413
0.985817
0.77329
0.406606
0.837191
0.438927
0.911566
0.115811
0.182369
0.631894
0.207428
0.566233
0.898588
0.0782993
0.292989
0.999258
0.883571
0.720607
0.135278
0.238637
0.465964
0.156382
0.552019
0.667027
0.723264
0.552483
0.739795
0.147885
0.217934
0.215647
0.856657
0.495195
0.745635
0.0647653
0.168155
0.400334
0.852393
0.825727
0.639125
0.342613
0.790316
0.079628
0.501591
0.749838
0.724531
0.751383
0.967092
0.833452
0.85193
0.752959
0.214504
0.677162
0.314464
0.370856
0.22433
0.21985
0.516423
0.0784229
0.312394
0.0458239
0.194358
0.514167
0.724284
0.712573
0.873961
0.211878
0.264809
0.574947
0.266632
0.861169
0.203473
0.945277
0.408491
0.133115
0.899051
0.151068
0.71761
0.66471
0.359423
0.429379
0.412539
0.768625
0.674072
0.829342
0.206718
0.454655
0.380836
0.791274
0.230016
0.112474
0.658437
0.374625
0.816179
0.140098
0.995427
0.28202
0.277076
0.500881
0.63826
0.206779
0.464357
0.904119
0.946667
0.626796
0.406977
0.895405
0.578624
0.843927
0.496493
0.949387
0.0537033
0.431419
0.732719
0.0369558
0.802058
0.923091
0.925316
0.274604
0.112783
0.706949
0.991039
0.593146
0.124
0.467942
0.46686
0.297068
0.639619
0.420233
0.976578
0.322776
0.675834
0.105862
0.620276
0.38337
0.189074
0.684609
0.483608
0.926428
0.449248
0.531873
0.504032
0.133084
0.8942
0.389426
0.139913
0.96632
0.712171
0.810895
0.31054
0.754751
0.495875
0.852362
0.820876
0.877484
0.764917
0.091926
0.432376
0.883107
0.647839
0.710657
0.573185
0.990112
0.44761
0.274758
0.137039
0.515156
0.879523
0.0850972
0.360257
0.560362
0.976856
0.366437
0.530606
0.305132
0.905787
0.208633
0.755431
0.602602
0.608473
0.530204
0.242067
0.00444953
0.698576
0.676359
0.188332
0.56818
0.204215
0.0617063
0.687884
0.997837
0.660415
0.685103
0.561227
0.11269
0.692396
0.706115
0.860056
0.0288292
0.526187
0.611408
0.99107
0.597998
0.885641
0.0456385
0.16525
0.944319
0.258103
0.522232
0.990452
0.500973
0.652813
0.491703
0.197448
0.999289
0.888422
0.482248
0.712975
0.937027
0.113216
0.774866
0.654018
0.680901
0.901462
0.529463
0.125637
0.725056
0.833853
0.914996
0.654297
0.724562
0.756234
0.728733
0.411149
0.55032
0.40021
0.832988
0.779161
0.328338
0.549053
0.20131
0.605692
0.0935945
0.694342
0.0117418
0.843463
0.423725
0.524766
0.388252
0.955567
0.0239471
0.759695
0.27207
0.714983
0.252356
0.619905
0.325155
0.0493774
0.752248
0.102926
0.15941
0.0274387
0.307882
0.337546
0.994716
0.170442
0.759324
0.213855
0.575287
0.319995
0.239224
0.558137
0.627569
0.528258
0.93644
0.0210425
0.30368
0.67778
0.411488
0.603683
0.778265
0.187653
0.461453
0.448104
0.352378
0.323301
0.758304
0.0537651
0.441121
0.256002
0.192349
0.198838
0.217594
0.162284
0.478602
0.140531
0.0633439
0.944999
0.36483
0.278343
0.699781
0.865556
0.892346
0.0983531
0.44143
0.304514
0.808763
0.975806
0.201496
0.634799
0.663443
0.160523
0.202083
0.726972
0.134629
0.136761
0.471495
0.0247505
0.885826
0.0747459
0.735099
0.4105
0.448444
0.405741
0.701356
0.112969
0.736057
0.560887
0.059327
0.31434
0.351451
0.177765
0.909063
0.722863
0.489417
0.838457
0.637827
0.138862
0.801378
0.816364
0.169206
0.565275
0.7482
0.467416
0.38439
0.349164
0.818775
0.547601
0.973303
0.808547
0.941847
0.870006
0.590922
0.774712
0.629762
0.872694
0.0129778
0.037512
0.88938
0.632636
0.323857
0.845626
0.76331
0.839663
0.827025
0.842876
0.331551
0.0535797
0.412014
0.686154
0.726169
0.00849736
0.334085
0.45138
0.866607
0.0572876
0.99416
0.0831196
0.0497791
0.815314
0.00426413
0.669468
0.106511
0.722152
0.377839
0.320706
0.350802
0.0758891
0.914594
0.591231
0.823224
0.246176
0.649662
0.996879
0.510027
0.0742206
0.652628
0.462596
0.627599
0.533109
0.698081
0.598739
0.00207027
0.325032
0.0299725
0.705682
0.792139
0.36585
0.438433
0.833946
0.929549
0.939221
0.457652
0.851404
0.670488
0.266601
0.856317
0.441832
0.36758
0.710101
0.485863
0.280567
0.0490684
0.703736
0.486512
0.382443
0.0435374
0.835368
0.152705
0.974724
0.0317029
0.977351
0.444056
0.716868
0.54828
0.0800297
0.564657
0.651176
0.234589
0.830455
0.381361
0.873745
0.177919
0.933319
0.531069
0.377901
0.330408
0.874085
0.231283
0.311374
0.885734
0.0601922
0.450175
0.677409
0.353274
0.463987
0.845904
0.806971
0.694435
0.0262955
0.128387
0.156815
0.619936
0.330006
0.811019
0.329945
0.801316
0.806662
0.645923
0.409882
0.35142
0.172914
0.147421
0.145166
0.791027
0.191206
0.0193431
0.0368631
0.787504
0.638167
0.192226
0.179433
0.171029
0.851497
0.685042
0.551525
0.589408
0.537002
0.309335
0.565553
0.791861
0.322189
0.58366
0.634675
0.644038
0.113957
0.891296
0.933412
0.545623
0.662825
0.0634984
0.969255
0.173037
0.166826
0.191731
0.101814
0.984767
0.608349
0.510799
0.195501
0.693663
0.905015
0.0873528
0.714396
0.160183
0.148719
0.348917
0.779965
0.45447
0.351729
0.221426
0.763835
0.922133
0.774928
0.663721
0.204184
0.0568551
0.926243
0.42014
0.962025
0.0378519
0.942743
0.0106912
0.678522
0.527918
0.883076
0.642987
0.949016
0.995489
0.291722
0.800358
0.656274
0.03504
0.501282
0.701326
0.108117
0.974415
0.983191
0.360937
0.667089
0.732967
0.0757655
0.895189
0.544665
0.512437
0.452616
0.0606557
0.522943
0.10203
0.0187251
0.939839
0.554677
0.084232
0.224423
0.234403
0.801347
0.811513
0.407564
0.987578
0.04981
0.820165
0.765906
0.247165
0.804901
0.369403
0.996323
0.422705
0.364676
0.254086
0.891574
0.977073
0.400396
0.862096
0.34901
0.794518
0.739394
0.0848191
0.316596
0.70559
0.777586
0.0809257
0.705343
0.738776
0.987795
0.0837685
0.151655
0.809783
0.135896
0.335661
0.698792
0.710317
0.519822
0.612057
0.0929456
0.592467
0.0172728
0.711831
0.757532
0.932485
0.400087
0.813583
0.732596
0.0175509
0.755492
0.612304
0.131755
0.685598
0.638847
0.298953
0.935544
0.880357
0.21608
0.924574
0.158174
0.83339
0.842227
0.229676
0.0591107
0.280382
0.0199611
0.133887
0.0203319
0.192102
0.160028
0.124463
0.54071
0.891481
0.962519
0.115471
0.129005
0.253839
0.852764
0.883942
0.778821
0.274975
0.170998
0.846646
0.9234
0.973828
0.891018
0.889751
0.690851
0.463554
0.777987
0.143992
0.60668
0.248834
0.0668665
0.498038
0.191948
0.135772
0.316256
0.652226
0.39953
0.726261
0.023051
0.619009
0.18447
0.961777
0.999042
0.849612
0.389117
0.0914007
0.349906
0.935204
0.826994
0.838025
0.56991
0.475883
0.713624
0.0389025
0.107685
0.906498
0.320211
0.273182
0.889627
0.671446
0.416989
0.4672
0.350431
0.0176745
0.774897
0.65887
0.442542
0.479158
0.227853
0.772889
0.34354
0.935853
0.928869
0.832494
0.701542
0.142076
0.305905
0.0270679
0.249668
0.197849
0.0623552
0.78976
0.992306
0.792046
0.351296
0.153509
0.100856
0.834379
0.997466
0.6022
0.545407
0.628866
0.732009
0.925378
0.284306
0.636066
0.862343
0.387819
0.887649
0.360968
0.67194
0.494608
0.653462
0.593579
0.191917
0.130921
0.554615
0.0745296
0.70114
0.07901
0.404567
0.51701
0.170596
0.78358
0.0220622
0.46377
0.811946
0.475481
0.650558
0.137565
0.597627
0.827426
0.905942
0.232889
0.563637
0.491085
0.100423
0.766462
0.334487
0.514446
0.767945
0.567345
0.0732318
0.497389
0.090072
0.141303
0.184624
0.986033
0.807249
0.738096
0.881068
0.327658
0.442326
0.4452
0.896363
0.729012
0.45481
0.405092
0.599481
0.1185
0.604425
0.894695
0.467046
0.326175
0.209468
0.886413
0.166919
0.206285
0.386738
0.717857
0.703519
0.452554
0.0509532
0.99966
0.946637
0.621945
0.645336
0.317708
0.880234
0.196675
0.878009
0.847387
0.0398294
0.253221
0.75574
0.651114
0.224886
0.307172
0.225968
0.476964
0.883416
0.696351
0.327071
0.350153
0.974014
0.920125
0.459599
0.157031
0.653895
0.661496
0.854896
0.218676
0.332077
0.13605
0.359917
0.506999
0.598801
0.0117727
0.848314
0.185366
0.102463
0.0866422
0.602818
0.642431
0.861694
0.285944
0.89318
0.229336
0.0057473
0.902327
0.665297
0.451596
0.900565
0.388777
0.0380373
0.971851
0.58054
0.144702
0.718259
0.766585
0.353892
0.561011
0.0787319
0.360906
0.662238
0.971325
0.498069
0.196799
0.897414
0.893953
0.350616
0.0467818
0.344746
0.12505
0.632883
0.362667
0.938757
0.384884
0.426784
0.00503662
0.790749
0.147545
0.164571
0.837592
0.501993
0.812904
0.625869
0.261441
0.0461638
0.247721
0.892223
0.0789482
0.394865
0.993727
0.0152025
0.3868
0.727559
0.226802
0.607947
0.447734
0.294163
0.183605
0.825943
0.673083
0.674103
0.834193
0.968359
0.0323518
0.0792263
0.438525
0.8485
0.214473
0.672311
0.552823
0.793159
0.52594
0.572598
0.897939
0.976424
0.29852
0.867627
0.217378
0.128326
0.147112
0.0966536
0.174613
0.414238
0.0354417
0.564348
0.602664
0.618175
0.053487
0.39746
0.40123
0.993079
0.913327
0.392331
0.595927
0.560609
0.015666
0.459568
0.15218
0.892253
0.0837994
0.156506
0.571424
0.713593
0.0340512
0.346043
0.328801
0.621821
0.625931
0.271143
0.569447
0.403115
0.289003
0.373451
0.631833
0.197726
0.0429503
0.743194
0.681519
0.998486
0.76229
0.679572
0.692859
0.778883
0.284677
0.694281
0.00203937
0.32018
0.268331
0.127986
0.093749
0.718598
0.819949
0.731947
0.915675
0.761023
0.480672
0.465563
0.0933164
0.650681
0.156969
0.644192
0.138213
0.699503
0.821895
0.0375738
0.899082
0.155919
0.479251
0.242406
0.0578129
0.0766307
0.0310231
0.870624
0.687946
0.00753947
0.183697
0.840497
0.958008
0.407193
0.929364
0.910113
0.887804
0.385224
0.480147
0.383092
0.145413
0.829837
0.284337
0.640917
0.623984
0.965516
0.58604
0.00821926
0.290424
0.596607
0.667336
0.771776
0.168897
0.516763
0.131786
0.690449
0.400488
0.876649
0.633934
0.527609
0.834564
0.0265736
0.172048
0.0115873
0.819207
0.615518
0.636282
0.896301
0.719309
0.931527
0.249699
0.202701
0.823997
0.367457
0.690696
0.439298
0.96978
0.255508
0.11473
0.0125761
0.974446
0.988042
0.122578
0.244786
0.431357
0.723017
0.513673
0.646664
0.526311
0.630813
0.0376356
0.908785
0.679202
0.634645
0.639187
0.352316
0.313599
0.235021
0.898372
0.0443408
0.961499
0.955381
0.99484
0.189846
0.805889
0.524642
0.368847
0.909001
0.71316
0.966134
0.683064
0.241047
0.844359
0.56441
0.612366
0.141458
0.208881
0.79424
0.695733
0.230047
0.117325
0.420078
0.952322
0.514569
0.78735
0.613911
0.384019
0.29095
0.679078
0.61524
0.592621
0.0415289
0.520038
0.646016
0.424435
0.636344
0.906004
0.242592
0.0869202
0.646479
0.497204
0.0609647
0.571455
0.718444
0.795693
0.92374
0.0271915
0.269073
0.244415
0.373142
0.58332
0.581312
0.265983
0.759293
0.209004
0.813645
0.742298
0.540834
0.910886
0.00908445
0.426258
0.922566
0.842845
0.3267
0.291938
0.834317
0.987764
0.0789173
0.390013
0.232086
0.437506
0.68841
0.0803078
0.608318
0.505948
0.43386
0.115966
0.206625
0.440101
0.095912
0.0581837
0.134845
0.17072
0.802985
0.0686278
0.774557
0.605506
0.0644872
0.124494
0.545561
0.653122
0.540216
0.813862
0.776257
0.872323
0.954763
0.897815
0.957019
0.251954
0.55684
0.423817
0.53932
0.673176
0.688657
0.119118
0.701449
0.127522
0.0209807
0.293978
0.154497
0.256095
0.206903
0.483762
0.950684
0.257455
0.420357
0.995983
0.369342
0.986621
0.899422
0.209282
0.857306
0.597071
0.740104
0.196397
0.834348
0.992615
0.840559
0.96771
0.930476
0.0847573
0.306894
0.182307
0.622192
0.684145
0.41084
0.501808
0.783796
0.0560208
0.79526
0.855823
0.364212
0.181318
0.466953
0.311621
0.924543
0.153323
0.0717486
0.26453
0.531286
0.411859
0.661898
0.917962
0.120014
0.842135
0.215122
0.774187
0.547292
0.924791
0.192133
0.16488
0.886105
0.118407
0.589871
0.60977
0.733955
0.231005
0.267713
0.0309613
0.860921
0.164663
0.852146
0.786917
0.545994
0.721039
0.203195
0.901616
0.553719
0.933844
0.61354
0.325804
0.151253
0.746717
0.234558
0.825603
0.61972
0.296048
0.479529
0.286067
0.912585
0.275901
0.316534
0.695887
0.254303
0.925532
0.308562
0.444273
0.750827
0.87977
0.123907
0.453388
0.181936
0.563977
0.544449
0.478479
0.121126
0.0167784
0.634212
0.57127
0.689337
0.225844
0.45756
0.836851
0.385564
0.53351
0.761147
0.500077
0.512128
0.404103
0.444242
0.745975
0.118129
0.54621
0.754998
0.534685
0.945493
0.44245
0.464605
0.942929
0.0397985
0.24837
0.994098
0.0734172
0.526496
0.65992
0.607484
0.374965
0.869542
0.518153
0.350091
0.964311
0.396842
0.304205
0.760251
0.359392
0.424528
0.650898
0.190928
0.975682
0.182091
0.588233
0.352656
0.366962
0.613077
0.253036
0.726632
0.0812656
0.758706
0.116831
0.342459
0.76606
0.271421
0.613108
0.257887
0.488274
0.658962
0.457096
0.764082
0.960943
0.868059
0.285295
0.791305
0.234867
0.874116
0.236134
0.0730155
0.46343
0.758582
0.0974261
0.295893
0.455273
0.477861
0.0241016
0.783951
0.0802769
0.603467
0.744307
0.856163
0.417576
0.559373
0.821617
0.993913
0.0443099
0.956648
0.19374
0.417143
0.491456
0.158638
0.906158
0.266848
0.895127
0.534963
0.989154
0.297222
0.663875
0.22844
0.865062
0.814727
0.912091
0.198282
0.130272
0.452739
0.0800606
0.569508
0.412817
0.812286
0.528845
0.0286129
0.492229
0.279918
0.947193
0.709267
0.354881
0.71625
0.451256
0.847202
0.0107221
0.683373
0.289559
0.460773
0.341377
0.596267
0.613973
0.393721
0.814232
0.834471
0.0120199
0.887124
0.278497
0.724037
0.673763
0.78083
0.590304
0.677687
0.396935
0.318759
0.045175
0.0924822
0.519698
0.592652
0.0463801
0.28168
0.223712
0.122825
0.283595
0.524488
0.344591
0.100794
0.824676
0.474183
0.446807
0.148627
0.334363
0.495041
0.721379
0.256558
0.279671
0.908383
0.616136
0.733307
0.129129
0.273244
0.899329
0.194729
0.572382
0.86398
0.644934
0.254643
0.978896
0.686617
0.798937
0.433118
0.999537
0.927232
0.575379
0.334549
0.524148
0.291228
0.722739
0.470012
0.791892
0.32704
0.345302
0.212372
0.342428
0.761209
0.50978
0.0354108
0.559497
0.841022
0.0404783
0.355097
0.750209
0.782746
0.891079
0.899453
0.214133
0.618948
0.174767
0.438495
0.843649
0.452832
0.0946142
0.854433
0.145907
0.907456
0.470599
0.884065
0.798226
0.32154
0.481785
0.640206
0.512406
0.447764
0.299014
0.945246
0.40364
0.371474
0.321355
0.452677
0.0703581
0.0462256
0.257424
0.415505
0.234342
0.791645
0.28823
0.252171
0.590798
0.755307
0.583197
0.561907
0.219417
0.448506
0.415444
0.224639
0.268362
0.132837
0.85539
0.296295
0.518339
0.379198
0.534159
0.863023
0.494546
0.64376
0.0702963
0.0365232
0.734141
0.260112
0.837561
0.497142
0.0512622
0.0481723
0.56305
0.398912
0.629237
0.790223
0.0650743
0.216667
0.0167475
0.629361
0.809628
0.11164
0.527454
0.810308
0.218367
0.283565
0.519637
0.58295
0.523097
0.126286
0.826932
0.828322
0.0466273
0.320489
0.316843
0.744399
0.870717
0.7025
0.292464
0.916788
0.935667
0.899762
0.262646
0.235361
0.951735
0.422396
0.316164
0.637673
0.114606
0.993171
0.927881
0.677255
0.329018
0.65578
0.957421
0.31502
0.458178
0.933875
0.618391
0.0874455
0.72895
0.445107
0.881809
0.444087
0.721719
0.309922
0.657726
0.263047
0.298427
0.853073
0.932454
0.395235
0.051942
0.154899
0.319161
0.108241
0.99382
0.0297562
0.671724
0.46065
0.321973
0.549702
0.303186
0.600161
0.225226
0.360535
0.604023
0.831629
0.565708
0.816117
0.130396
0.472144
0.126626
0.880295
0.206378
0.401292
0.00278095
0.43661
0.547724
0.992708
0.855112
0.252634
0.663566
0.179928
0.248648
0.0377592
0.92819
0.725767
0.945432
0.432747
0.941322
0.787535
0.643018
0.953867
0.75713
0.869419
0.498749
0.303526
0.653524
0.603282
0.715199
0.286315
0.951395
0.369033
0.938108
0.283008
0.432315
0.873405
0.124556
0.555264
0.176405
0.695609
0.210642
0.0707598
0.109291
0.158762
0.925563
0.313413
0.205914
0.328523
0.57816
0.771158
0.0718722
0.283935
0.577851
0.722646
0.455458
0.506968
0.59395
0.250131
0.270618
0.486976
0.455211
0.468158
0.500819
0.628557
0.683497
0.308964
0.507339
0.652165
0.389828
0.202979
0.867658
0.222229
0.889967
0.724809
0.795044
0.821864
0.0327226
0.137441
0.578222
0.780861
0.595155
0.439329
0.974632
0.0171492
0.692427
0.710966
0.621698
0.606526
0.224577
0.25866
0.609554
0.699997
0.899515
0.223836
0.14223
0.330161
0.835275
0.138152
0.6898
