0.908336
0.395519
0.486286
0.00370065
0.196784
0.344017
0.888729
0.864301
0.31345
0.151398
0.540467
0.622118
0.932952
0.125354
0.823073
0.384175
0.822834
0.362697
0.844227
0.915342
0.157961
0.853676
0.738932
0.235452
0.243855
0.466684
0.56308
0.686477
0.619789
0.792801
0.606769
0.96305
0.973687
0.758344
0.485238
0.388354
0.0574448
0.475482
0.431735
0.177058
0.813741
0.544714
0.0123812
0.090654
0.622059
0.943793
0.331953
0.141698
0.517282
0.954028
0.356826
0.175628
0.773647
0.690821
0.631111
0.0756322
0.149851
0.551115
0.582612
0.965862
0.235539
0.705599
0.00412066
0.255937
0.526873
0.151144
0.277283
0.294801
0.717487
0.811937
0.216852
0.633066
0.941234
0.317673
0.125827
0.772925
0.542286
0.204791
0.920337
0.0991466
0.357686
0.631478
0.254342
0.734342
0.0858453
0.801168
0.235647
0.52221
0.781954
0.307065
0.845322
0.327828
0.812258
0.622697
0.661239
0.436208
0.353133
0.112175
0.329202
0.896241
0.119835
0.0682309
0.75731
0.10077
0.644341
0.432282
0.36484
0.862487
0.823881
0.963115
0.0794254
0.902395
0.55406
0.0895588
0.214359
0.732045
0.479133
0.796167
0.178794
0.98994
0.91457
0.182772
0.850015
0.199916
0.995987
0.552925
0.0106439
0.892803
0.345435
0.723925
0.0109901
0.710721
0.0939917
0.718422
0.51358
0.743798
0.00755345
0.950908
0.90793
0.573855
0.786085
0.726076
0.164747
0.909508
0.098242
0.153357
0.468404
0.458371
0.844843
0.279859
0.581898
0.958635
0.779705
0.504786
0.934401
0.472338
0.576577
0.535139
0.0820423
0.884638
0.117759
0.172119
0.795846
0.791411
0.240169
0.524939
0.65773
0.475273
0.917942
0.854511
0.763336
0.394971
0.2699
0.214961
0.846992
0.398745
0.699258
0.43057
0.583849
0.748796
0.019735
0.686057
0.557445
0.981579
0.40022
0.498884
0.750824
0.0954609
0.411611
0.944775
0.833243
0.320175
0.176931
0.683517
0.864641
0.0235632
0.0273097
0.993882
0.18115
0.592078
0.0544049
0.382691
0.885431
0.446219
0.601994
0.721068
0.983338
0.955672
0.983077
0.566792
0.0812065
0.837785
0.644381
0.110562
0.223172
0.844001
0.132607
0.730296
0.083451
0.560863
0.422651
0.495598
0.509833
0.758308
0.880688
0.728332
0.070729
0.742318
0.138071
0.552502
0.90511
0.183344
0.466508
0.602669
0.0548
0.0233885
0.0911716
0.320845
0.445479
0.172666
0.998557
0.744297
0.400817
0.536568
0.0978628
0.779892
0.6383
0.904923
0.0379785
0.304913
0.673104
0.85064
0.702664
0.677342
0.0948086
0.447332
0.303365
0.657769
0.123013
0.476201
0.513605
0.153592
0.421962
0.918906
0.0527853
0.16236
0.788517
0.603067
0.752021
0.217323
0.547591
0.356724
0.46101
0.188221
0.425387
0.48442
0.654429
0.994514
0.792158
0.807273
0.843674
0.627391
0.561588
0.614034
0.0742582
0.0577776
0.0677628
0.88871
0.550688
0.41121
0.213708
0.795572
0.170626
0.705284
0.713374
0.679531
0.873856
0.890518
0.931199
0.658561
0.441331
0.444486
0.473544
0.8614
0.548373
0.497951
0.0549919
0.248753
0.792509
0.7069
0.861455
0.47702
0.267699
0.224407
0.609273
0.0454924
0.591443
0.389152
0.485277
0.0458935
0.331399
0.820129
0.907769
0.874409
0.188611
0.989163
0.863485
0.590124
0.211253
0.528729
0.34623
0.0803052
0.689067
0.14711
0.483774
0.797157
0.818657
0.171731
0.290873
0.706516
0.417792
0.822868
0.943315
0.291505
0.321057
0.00724912
0.835999
0.63754
0.127907
0.738893
0.581901
0.00535802
0.0522045
0.401026
0.0410166
0.36591
0.851048
0.56672
0.868689
0.0587775
0.873663
0.660823
0.448507
0.0626116
0.313034
0.169509
0.930183
0.578363
0.545057
0.777764
0.886474
0.964929
0.567969
0.852988
0.175916
0.614258
0.837051
0.308157
0.187154
0.496882
0.104037
0.55451
0.65708
0.545068
0.950867
0.225319
0.93417
0.594675
0.705029
0.426943
0.631263
0.636847
0.489906
0.851103
0.48796
0.144017
0.50074
0.936793
0.674581
0.679781
0.0853021
0.672189
0.481071
0.35636
0.345888
0.340449
0.920174
0.357308
0.269067
0.20822
0.558785
0.492009
0.198605
0.947886
0.121686
0.181266
0.545211
0.360176
0.472101
0.60809
0.170464
0.992619
0.941242
0.459779
0.503404
0.71344
0.786067
0.424998
0.945374
0.8952
0.625854
0.722092
0.192423
0.0548645
0.107475
0.328455
0.340191
0.585082
0.476461
0.884023
0.77706
0.0456265
0.845313
0.168401
0.309267
0.842599
0.568176
0.333506
0.231219
0.104414
0.881595
0.960581
0.482004
0.0494571
0.225425
0.721721
0.97132
0.979228
0.886399
0.715603
0.147456
0.29816
0.171452
0.589292
0.224797
0.163704
0.370057
0.54789
0.384569
0.443133
0.729955
0.361714
0.324475
0.458463
0.392968
0.613769
0.619511
0.113213
0.777714
0.0381675
0.48082
0.134771
0.102625
0.825295
0.738256
0.863658
0.494012
0.854736
0.543336
0.855465
0.802297
0.206302
0.309926
0.921179
0.254261
0.364904
0.94042
0.63503
0.947346
0.0488885
0.668988
0.681425
0.718162
0.150683
0.530049
0.537918
0.788005
0.00445041
0.797961
0.337086
0.404672
0.318612
0.909977
0.976186
0.757939
0.680782
0.898268
0.192826
0.826614
0.906811
0.765706
0.214428
0.884506
0.895684
0.76123
0.986615
0.0404263
0.445604
0.261751
0.255771
0.739109
0.197117
0.943818
0.755423
0.39196
0.674423
0.0325278
0.694669
0.307173
0.659882
0.630284
0.185015
0.551099
0.325522
0.0518165
0.879643
0.153098
0.11656
0.0286043
0.753099
0.329985
0.0508005
0.803775
0.0381781
0.659734
0.153854
0.827252
0.6238
0.208765
0.719558
0.614945
0.379213
0.429674
0.530514
0.356604
0.437222
0.397207
0.858736
0.771269
0.725269
0.60347
0.524227
0.677854
0.691146
0.0954157
0.652078
0.478414
0.702902
0.672382
0.724099
0.929009
0.851253
0.00404747
0.0257557
0.876555
0.261116
0.57992
0.718908
0.685993
0.480424
0.49282
0.828599
0.258331
0.76752
0.710037
0.583624
0.965264
0.184978
0.929798
0.11658
0.3584
0.627765
0.841494
0.983841
0.40865
0.185297
0.282652
0.53082
0.495444
0.920356
0.424156
0.789803
0.226787
0.610607
0.476949
0.0877742
0.220851
0.839347
0.90427
0.0693688
0.88215
0.287734
0.941157
0.0313104
0.233211
0.580832
0.0508707
0.9837
0.0417344
0.42966
0.295076
0.349327
0.130803
0.406308
0.824294
0.915033
0.966131
0.756611
0.354053
0.561515
0.384651
0.831032
0.153783
0.633196
0.123195
0.543391
0.780238
0.451887
0.872126
0.82258
0.0951827
0.735556
0.489982
0.132223
0.276832
0.713605
0.550925
0.403971
0.537023
0.745725
0.396239
0.59334
0.261265
0.0783441
0.729336
0.942498
0.557125
0.596931
0.61762
0.347082
0.412511
0.070587
0.355459
0.205148
0.914093
0.153719
0.559252
0.347503
0.489327
0.124754
0.737185
0.865752
0.696672
0.969914
0.342661
0.105482
0.84064
0.641037
0.904344
0.305362
0.212705
0.933148
0.410319
0.225672
0.869579
0.016273
0.499583
0.492755
0.735738
0.543042
0.901808
0.679679
0.36567
0.813616
0.446284
0.700667
0.116595
0.604436
0.757828
0.819499
0.323313
0.923829
0.791596
0.348954
0.875627
0.656337
0.0569366
0.934187
0.872962
0.864647
0.126012
0.880912
0.485882
0.217364
0.239204
0.305013
0.351939
0.0322498
0.0231727
0.464332
0.0219094
0.231489
0.638135
0.128213
0.867933
0.349339
0.346754
0.897494
0.186184
0.20049
0.632765
0.87886
1.97242e-05
0.331505
0.604148
0.910152
0.924746
0.198543
0.913258
0.124073
0.29599
0.698953
0.299821
0.0869286
0.00875723
0.18274
0.307231
0.631833
0.213569
0.453385
0.0348239
0.284743
0.678553
0.43661
0.109955
0.00737103
0.884971
0.709583
0.967898
0.463172
0.524425
0.0175187
0.437159
0.337394
0.580092
0.612654
0.867884
0.529751
0.517937
0.961498
0.896473
0.02348
0.627901
0.124878
0.825472
0.715875
0.70545
0.503418
0.939533
0.738844
0.75217
0.714949
0.150927
0.627196
0.274914
0.481953
0.190211
0.872633
0.337209
0.474042
0.229137
0.107106
0.134816
0.85156
0.16887
0.197011
0.162877
0.466107
0.859181
0.249561
0.377034
0.813132
0.303387
0.0264244
0.114562
0.450193
0.391416
0.521171
0.319311
0.66809
0.588889
0.46319
0.825959
0.898088
0.157772
0.674237
0.903002
0.759604
0.671699
0.245525
0.54421
0.537409
0.235769
0.576994
0.534236
0.902442
0.341399
0.888822
0.429292
0.11158
0.322287
0.679872
0.610977
0.69224
0.483173
0.68654
0.6804
0.478536
0.751418
0.0832307
0.857785
0.788832
0.902133
0.145238
0.0104025
0.834517
0.725322
0.49246
0.770001
0.398753
0.844099
0.775318
0.762193
0.179306
0.58981
0.936916
0.755347
0.120184
0.940051
0.442189
0.865807
0.61871
0.652334
0.770657
0.431407
0.664776
0.896509
0.627573
0.626727
0.405289
0.694182
0.117895
0.459036
0.0117405
0.322497
0.209847
0.905951
0.316465
0.821062
0.582405
0.475544
0.46454
0.529891
0.873799
0.933153
0.506158
0.991945
0.620159
0.0178924
0.717862
0.114292
0.900518
0.00296859
0.893151
0.196059
0.163232
0.432855
0.987943
0.352569
0.624113
0.468173
0.5888
0.959508
0.458572
0.225191
0.787536
0.111578
0.289239
0.243226
0.90388
0.519268
0.338939
0.541183
0.658062
0.0440783
0.823368
0.353444
0.341384
0.644267
0.198113
0.679065
0.0422926
0.812539
0.335332
0.926939
0.068187
0.018973
0.879982
0.857172
0.481637
0.873482
0.608105
0.424819
0.939493
0.0593101
0.825551
0.0410969
0.71495
0.157992
0.37572
0.722638
0.381003
0.510702
0.372675
0.541985
0.13934
0.889617
0.787267
0.60384
0.730743
0.595247
0.310469
0.0457138
0.312185
0.894282
0.198052
0.658112
0.880533
0.116405
0.422718
0.615923
0.812128
0.428883
0.244447
0.417873
0.198346
0.599576
0.0661816
0.313384
0.0448616
0.989324
0.567262
0.968951
0.158062
0.542312
0.636237
0.241513
0.116622
0.0641443
0.0731022
0.627871
0.625968
0.647419
0.165292
0.0596834
0.0983913
0.662379
0.601618
0.386462
0.270117
0.864706
0.120983
0.35455
0.922643
0.856056
0.726478
0.915757
0.124466
0.898625
0.194901
0.697998
0.248439
0.508031
0.471927
0.670129
0.852647
0.431729
0.0640113
0.837352
0.381129
0.627593
0.962791
0.621388
0.667382
0.687188
0.574025
0.634703
0.449651
0.2899
0.3536
0.958325
0.565425
0.0938605
0.51401
0.974002
0.0538766
0.504192
0.957571
0.894846
0.683835
0.213165
0.65645
0.954458
0.574153
0.793189
0.123822
0.0696146
0.0131415
0.868467
0.328235
0.652839
0.262495
0.750511
0.843118
0.290894
0.0479356
0.652933
0.845149
0.419952
0.133318
0.677922
0.838024
0.662326
0.714907
0.446664
0.0807422
0.0340274
0.899304
0.599287
0.223292
0.861179
0.836292
0.555528
0.762008
0.061176
0.184623
0.959062
0.952361
0.325226
0.0667064
0.134562
0.577436
0.97287
0.0302316
0.102544
0.460416
0.204781
0.760567
0.850259
0.29786
0.140075
0.232906
0.4592
0.777853
0.369756
0.493835
0.883726
0.788873
0.587479
0.752094
0.439641
0.0422927
0.812994
0.996527
0.633244
0.932642
0.910618
0.750952
0.25748
0.460043
0.948351
0.942309
0.390563
0.189763
0.344883
0.445774
0.130312
0.156632
0.515096
0.211106
0.0633529
0.772448
0.530897
0.785339
0.187234
0.84011
0.730744
0.608124
0.739231
0.248824
0.983033
0.833242
0.302967
0.966816
0.270511
0.481473
0.113979
0.648175
0.882251
0.996312
0.0157487
0.688206
0.675875
0.437744
0.16585
0.438573
0.10319
0.309825
0.225022
0.947237
0.204814
0.304149
0.825434
0.0663118
0.502411
0.0191046
0.0914586
0.145274
0.619282
0.275892
0.921934
0.937945
0.0342891
0.297528
0.555657
0.931548
0.519328
0.342228
0.831632
0.234885
0.70907
0.333156
0.359399
0.419535
0.116558
0.986212
0.261953
0.64364
0.656505
0.880826
0.0379265
0.43108
0.162067
0.864375
0.542833
0.394624
0.444461
0.0566846
0.698467
0.13265
0.454046
0.145995
0.746279
0.710743
0.454328
0.89316
0.34751
0.595309
0.352618
0.453046
0.351491
0.504044
0.470543
0.414297
0.0849496
0.747834
0.843454
0.939697
0.493105
0.608356
0.635012
0.652878
0.916844
0.396099
0.243632
0.715744
0.503774
0.93101
0.487441
0.422212
0.1087
0.927689
0.662755
0.924713
0.654506
0.276888
0.649317
0.0691986
0.02111
0.796592
0.319199
0.780825
0.325813
0.93482
0.517018
0.516489
0.622377
0.298584
0.306273
0.530537
0.733806
0.0761804
0.364413
0.695074
0.107185
0.453315
0.858431
0.655449
0.132489
0.744913
0.748126
0.750389
0.789816
0.437496
0.998049
0.216334
0.932001
0.133572
0.945436
0.946694
0.0876861
0.740645
0.0235084
0.10607
0.718554
0.739188
0.528949
0.0406468
0.151417
0.862741
0.0870643
0.290432
0.29489
0.215812
0.160281
0.840667
0.0959587
0.777069
0.197533
0.938585
0.794469
0.638825
0.733166
0.319078
0.736183
0.0351226
0.304725
0.50506
0.544588
0.884436
0.716556
0.164765
0.202723
0.162
0.733907
0.778947
0.758767
0.596583
0.77805
0.691758
0.368537
0.00639432
0.469264
0.920489
0.666971
0.78507
0.672886
0.194285
0.341345
0.980118
0.836829
0.592999
0.531665
0.686341
0.33139
0.678023
0.530192
0.933893
0.944831
0.768956
0.838448
0.794071
0.943086
0.438116
0.408149
0.759783
0.667437
0.619824
0.379231
0.734285
0.12415
0.594774
0.359135
0.988718
0.384737
0.277164
0.295287
0.885114
0.106015
0.785919
0.933982
0.429367
0.366148
0.846544
0.857206
0.0566711
0.47112
0.111587
0.434536
0.249169
0.788529
0.814232
0.800658
0.663013
0.256272
0.16109
0.438069
0.630953
0.422111
0.417786
0.724408
0.12517
0.729672
0.598823
0.412013
0.706383
0.170988
0.792144
0.567049
0.393848
0.404771
0.993914
0.717324
0.0728325
0.0954036
0.447637
0.432405
0.425208
0.464409
0.321491
0.298763
0.313065
0.688817
0.946718
0.486085
0.625176
0.333887
0.639556
0.0159438
0.967359
0.398237
0.167763
0.587491
0.956991
0.146845
0.0262917
0.885422
0.29078
0.13446
0.871137
0.204254
0.90486
0.982154
0.0617269
0.444654
0.307234
0.680835
0.792044
0.881149
0.463714
0.636539
0.307876
0.469732
0.788633
0.555858
0.311895
0.0270049
0.871908
0.162236
0.698406
0.108164
0.918024
0.226
0.38414
0.23948
0.948248
0.200683
0.879326
0.825771
0.729246
0.444628
0.869976
0.67942
0.0191827
0.402892
0.403621
0.658137
0.312321
0.183478
0.719922
0.720722
0.172485
0.95564
0.436304
0.963252
0.368622
0.424265
0.616671
0.381511
0.0535935
0.745631
0.826462
0.352661
0.174175
0.362163
0.878208
0.0380196
0.996071
0.960197
0.035264
0.682239
0.383483
0.203749
0.414504
0.561934
0.428875
0.109748
0.534717
0.985283
0.653185
0.0851991
0.941617
0.753815
0.370259
0.94328
0.711684
0.28087
0.587568
0.249507
0.465595
0.253498
0.546977
0.0490731
0.771163
0.944783
0.975349
0.697752
0.117447
0.927297
0.0848485
0.0486002
0.823363
0.26205
0.271764
0.530159
0.374927
0.40432
0.412718
0.550762
0.664867
0.415574
0.560296
0.88741
0.700875
0.599847
0.626911
0.485813
0.050772
0.325605
0.444502
0.746019
0.34078
0.492055
0.975801
0.285558
0.371338
0.0766823
0.799272
0.364788
0.997429
0.79085
0.823217
0.810349
0.533835
0.169894
0.404843
0.193782
0.898167
0.493592
0.806523
0.229163
0.544365
0.13623
0.624421
0.647127
0.257104
0.141278
0.461662
0.145435
0.318273
0.212171
0.952542
0.374752
0.462029
0.313547
0.779977
0.0753152
0.822524
0.163801
0.998636
0.0827384
0.584975
0.673981
0.603238
0.62138
0.525276
0.309611
0.633509
0.390922
0.229444
0.264863
0.557547
0.690157
0.474811
0.15578
0.193488
0.952373
0.52659
0.399649
0.894699
0.20034
0.106877
0.281427
0.938652
0.921403
0.0284492
0.145161
0.717431
0.854572
0.791811
0.96645
0.120063
0.891079
0.370145
0.0258163
0.894431
0.709809
0.758496
0.0464526
0.728408
0.357433
0.38083
0.609891
0.442259
0.0449346
0.215174
0.436226
0.649083
0.143104
0.147581
0.393513
0.770099
0.0457939
0.65735
0.0810676
0.503461
0.664195
0.123779
0.350195
0.731951
0.892947
0.752464
0.664732
0.153386
0.964237
0.923358
0.877869
0.340556
0.718323
0.856739
0.214852
0.0162506
0.123862
0.752681
0.314022
0.766182
0.213737
0.282288
0.41171
0.612214
0.484975
0.983064
0.352551
0.319502
0.874537
0.35063
0.0375955
0.867061
0.69919
0.281641
0.541561
0.00759573
0.661438
0.795816
0.276433
0.00498763
0.827113
0.289932
0.889774
0.439079
0.606423
0.158807
0.0609837
0.952991
0.916291
0.104616
0.272997
0.25224
0.389575
0.59309
0.0613281
0.741849
0.263659
0.322182
0.916594
0.192972
0.278771
0.305934
0.832275
0.0489669
0.986689
0.281205
0.218708
0.823365
0.301707
0.795739
0.978675
0.582494
0.977402
0.187147
0.377568
0.786216
0.929234
0.636039
0.907091
0.474353
0.444671
0.586318
0.247544
0.477146
0.393593
0.123127
0.388195
0.396516
0.248996
0.877576
0.422225
0.338327
0.254728
0.213789
0.143813
0.0704783
0.52825
0.304527
0.191378
0.486696
0.90183
0.0624653
0.854268
0.683056
0.122194
0.709229
0.0140277
0.763172
0.624528
0.441288
0.721078
0.156896
0.955712
0.658622
0.457954
0.824892
0.959782
0.0616939
0.888765
0.479791
0.842154
0.0894282
0.0205459
0.315253
0.460799
0.64138
0.666194
0.726919
0.331713
0.107799
0.771108
0.00986876
0.864168
0.0666461
0.120674
0.164201
0.724461
0.0166664
0.112019
0.704398
0.819468
0.79033
0.0714402
0.69473
0.335192
0.570166
0.774142
0.996679
0.182607
0.0816235
0.846682
0.180476
0.252876
0.0800126
0.771534
0.174205
0.867797
0.0588895
0.756598
0.142546
0.766982
0.659233
0.72401
0.430684
0.502908
0.380232
0.562863
0.04072
0.381256
0.767162
0.697364
0.589454
0.952049
0.0940793
0.191562
0.580895
0.0942738
0.459319
0.773378
0.166673
0.26959
0.000680435
0.436067
0.978354
0.200923
0.907869
0.552902
0.624325
0.029943
0.252133
0.598491
0.842183
0.563267
0.832868
0.0190731
0.561552
0.00595228
0.0399742
0.8472
0.885074
0.4348
0.676111
0.400192
0.0196894
0.919459
0.34256
0.403514
0.853378
0.725561
0.496274
0.877297
0.726797
0.282741
0.0357548
0.931117
0.285591
0.921643
0.0544854
0.735719
0.227833
0.185385
0.769923
0.095183
0.741368
0.17022
0.887609
0.0486305
0.332073
0.155799
0.507899
0.261703
0.450313
0.40734
0.156569
0.452206
0.219396
0.38718
0.329993
0.188576
0.399998
0.768798
0.191194
0.403438
0.57807
0.616926
0.682073
0.59891
0.878088
0.0251725
0.0737398
0.34486
0.0690279
0.152549
0.895731
0.543212
0.766836
0.206278
0.917795
0.378081
0.405573
0.467671
0.153143
0.882703
0.582295
0.624859
0.0123718
0.93248
0.187354
0.856034
0.366142
0.741018
0.290537
0.0471143
0.849836
0.195859
0.804878
0.577842
0.787468
0.981908
0.932444
0.593403
0.318799
0.0510119
0.356428
0.477609
0.172621
0.248369
0.332436
0.249724
0.110098
0.423745
0.880278
0.831228
0.442736
0.0712524
0.538767
0.0508103
0.969014
0.221407
0.195217
0.0187153
0.548423
0.350587
0.320455
0.891846
0.255193
0.0281437
0.0116769
0.253339
0.876704
0.768087
0.237756
0.968627
0.72122
0.552872
0.112538
0.423127
0.49844
0.281876
0.498196
0.181198
0.386938
0.263387
0.751653
0.0284704
0.501509
0.856712
0.758335
0.329343
0.259624
0.50121
0.831944
0.489279
0.305165
0.908367
0.929756
0.406961
0.792904
0.337797
0.3515
0.666093
0.0254064
0.00564638
0.898627
0.227493
0.473449
0.24923
0.816548
0.724516
0.944516
0.474676
0.88778
0.917191
0.232935
0.931786
0.521889
0.381238
0.467338
0.546276
0.267484
0.606912
0.364837
0.81075
0.278235
0.297523
0.463807
0.200732
0.698914
0.654588
0.665243
0.73434
0.0469854
0.684285
0.773165
0.577439
0.0192513
0.556835
0.719056
0.16869
0.179621
0.88181
0.581609
0.100703
0.508061
0.988158
0.973597
0.242811
0.926778
0.351533
0.211384
0.730063
0.172741
0.252669
0.607358
0.871846
0.117807
0.985098
0.537335
0.985988
0.495286
0.273102
0.0335232
0.424788
0.405598
0.884531
0.316077
0.298425
0.626199
0.533856
0.514846
0.0142464
0.439925
0.824329
0.495651
0.413409
0.162325
0.203341
0.543838
0.283258
0.723487
0.648822
0.748412
0.565473
0.909119
0.561474
0.700103
0.631267
0.710578
0.688216
0.845901
0.0635222
0.617533
0.88021
0.686629
0.181802
0.539947
0.892791
0.131193
0.962221
0.047743
0.41697
0.0210247
0.362311
0.368769
0.892831
0.818818
0.875053
0.00850521
0.94702
0.56692
0.221231
0.233553
0.318752
0.259685
0.521707
0.332509
0.479107
0.353325
0.327739
0.314845
0.596742
0.450033
0.702225
0.300588
0.974256
0.31706
0.831509
0.173036
0.208264
0.290056
0.964273
0.53805
0.999482
0.292553
0.935607
0.739497
0.7185
0.831737
0.00477268
0.214404
0.488045
0.571232
0.702646
0.377062
0.282526
0.419057
0.0937726
0.0368817
0.871231
0.773234
0.738447
0.0832103
0.515112
0.485404
0.187514
0.54135
0.466566
0.582483
0.793701
0.725515
0.736741
0.410936
0.596456
0.634949
0.582922
0.176609
0.272202
0.902127
0.0529314
0.618392
0.307799
0.173227
0.434426
0.398485
0.336361
0.216821
0.114213
0.585894
0.116256
0.910163
0.108446
0.660175
0.554085
0.499353
0.628768
0.700043
0.623989
0.384672
0.181226
0.866931
0.501844
0.490587
0.299364
0.403284
0.988593
0.282775
0.591188
0.0973653
0.417966
0.759804
0.0234434
0.013209
0.00326492
0.873475
0.498591
0.822693
0.999769
0.124047
0.857934
0.290447
0.540926
0.345876
0.138286
0.18014
0.611137
0.383368
0.263836
0.283391
0.955362
0.775406
0.243196
0.402236
0.374044
0.550527
0.708687
0.903168
0.541101
0.284293
0.117299
0.447335
0.352823
0.897439
0.257082
0.769546
0.757045
0.653886
0.855392
0.575991
0.676142
0.923489
0.0716819
0.757347
0.736658
0.0115266
0.727452
0.279271
0.706719
0.827655
0.392929
0.956229
0.345557
0.768567
0.30168
0.340817
0.105949
0.690323
0.251522
0.325825
0.149062
0.278722
0.479736
0.916128
0.371551
0.662383
0.675349
0.584772
0.264916
0.440269
0.594498
0.73402
0.67248
0.363276
0.586644
0.723245
0.58347
0.379775
0.886284
0.76908
0.929015
0.950169
0.483388
0.293893
0.463244
0.747997
0.580507
0.585768
0.000162262
0.727138
0.0150767
0.394929
0.566891
0.736794
0.298444
0.943346
0.810357
0.676397
0.208666
0.0516631
0.302018
0.010019
0.3896
0.00288426
0.475737
0.709848
0.408515
0.910687
0.919026
0.0699629
0.866045
0.613749
0.281624
0.252334
0.979295
0.0110549
0.799252
0.0279273
0.374239
0.831617
0.991128
0.884982
0.886675
0.3422
0.362579
0.865111
0.92145
0.809178
0.857095
0.190944
0.199512
0.206118
0.221083
0.747778
0.906489
0.353138
0.183627
0.221536
0.359515
0.373123
0.0835236
0.781927
0.849066
0.25953
0.9181
0.501309
0.492774
0.0536816
0.226635
0.0493923
0.136895
0.787786
0.315503
0.661191
0.639069
0.838175
0.211689
0.863889
0.382728
0.510265
0.0294234
0.519273
0.42247
0.455188
0.338413
0.705418
0.967243
0.458779
0.697845
0.687224
0.167976
0.171938
0.764781
0.674491
0.166528
0.832818
0.166892
0.957284
0.0691641
0.441746
0.4176
0.605823
0.0587877
0.0455127
0.931381
0.72541
0.962067
0.463053
0.525367
0.84634
0.437542
0.770915
0.772653
0.971757
0.316667
0.228874
0.677088
0.810087
0.128546
0.465
0.248863
0.636584
0.071739
0.717447
0.12887
0.915972
0.735352
0.055732
0.688224
0.976612
0.911222
0.900429
0.512621
0.615722
0.432577
0.328298
0.7008
0.350065
0.545203
0.224679
0.181853
0.408994
0.961278
0.201258
0.545277
0.468193
0.922128
0.208437
0.193943
0.607756
0.552657
0.508717
0.0145447
0.452841
0.902312
0.155905
0.288841
0.551019
0.983092
0.832202
0.812062
0.333743
0.223182
0.020637
0.845714
0.923399
0.559682
0.57315
0.923699
0.61499
0.142278
0.270297
0.884718
0.453921
0.0503006
0.401736
0.974512
0.623434
0.0570632
0.0608781
0.178773
0.629603
0.739832
0.348843
0.998504
0.854852
0.493848
0.109364
0.0804551
0.208345
0.657214
0.803723
0.172664
0.965509
0.307651
0.693721
0.363596
0.953629
0.634534
0.615962
0.470465
0.109929
0.575127
0.156703
0.706075
0.998644
0.21117
0.126699
0.425353
0.913375
0.0922485
0.421199
0.0964211
0.549487
0.235446
0.141406
0.613082
0.0710805
0.650263
0.972663
0.542193
0.637521
0.816231
0.396733
0.896007
0.184396
0.140202
0.374982
0.330346
0.130595
0.908925
0.304771
0.291601
0.936759
0.113336
0.833296
0.19754
0.0622296
0.893644
0.473997
0.466527
0.927678
0.486917
0.618697
0.447436
0.0634526
0.447408
0.592349
0.602257
0.126357
0.688232
0.111652
0.540274
0.393221
0.857352
0.515437
0.957572
0.919575
0.30367
0.780199
0.803122
0.076178
0.3243
0.509904
0.952364
0.381293
0.393706
0.0100497
0.905375
0.645157
0.159597
0.340442
0.804392
0.413748
0.867653
0.636704
0.0810535
0.265516
0.520345
0.432683
0.104795
0.293464
0.246373
0.791631
0.936638
0.0714292
0.509776
0.805274
0.237001
0.271611
0.961878
0.286348
0.656608
0.608321
0.0521152
0.899624
0.979605
0.224538
0.803086
0.462284
0.609778
0.54394
0.997876
0.308914
0.914256
0.895102
0.986676
0.0644565
0.320431
0.475442
0.753455
0.318726
0.832227
0.235988
0.245201
0.0866284
0.963591
0.0752024
0.925915
0.846224
0.491019
0.552474
0.424661
0.283693
0.021269
0.467321
0.26138
0.0205371
0.166424
0.0805934
0.532869
0.921706
0.104954
0.959862
0.407201
0.821447
0.0649281
0.246579
0.251408
0.407564
0.924717
0.721627
0.387868
0.902696
0.610166
0.065779
0.54699
0.264568
0.601154
0.600369
0.396351
0.472742
0.368726
0.172956
0.876432
0.193227
0.568279
0.0672688
0.586841
0.0346484
0.335386
0.830857
0.218101
0.621354
0.0938293
0.988434
0.616034
0.684464
0.78782
0.891335
0.665921
0.128584
0.110688
0.331744
0.617307
0.0719481
0.232038
0.858509
0.95241
0.147891
0.608591
0.588115
0.452217
0.418481
0.414146
0.558606
0.489205
0.0757818
0.665141
0.0257614
0.972394
0.0273892
0.3305
0.720527
0.904272
0.101961
0.6576
0.288526
0.249675
0.2839
0.507598
0.202862
0.506922
0.83688
0.437317
0.980317
0.189372
0.767774
0.976753
0.285203
0.40459
0.94792
0.696265
0.117709
0.342387
0.505438
0.890133
0.466339
0.758837
0.773774
0.814436
0.223855
0.323031
0.178601
0.750444
0.716184
0.901269
0.635941
0.25458
0.72676
0.663264
0.471593
0.0629197
0.491532
0.176617
0.405647
0.716997
0.573656
0.437531
0.586758
0.649826
0.624625
0.0769325
0.00445083
0.805027
0.0856103
0.852396
0.217661
0.230468
0.476228
0.962715
0.34608
0.558748
0.872987
0.295638
0.785993
0.192082
0.327885
0.767343
0.741762
0.796331
0.935106
0.321504
0.513005
0.0747696
0.652064
0.240469
0.559052
0.981286
0.478699
0.490522
0.204679
0.043214
0.297661
0.794598
0.806656
0.461836
0.0780399
0.617048
0.723979
0.922429
0.270355
0.850401
0.695773
0.856979
0.249207
0.42362
0.774327
0.109794
0.314648
0.290126
0.140666
0.167344
0.545546
0.98425
0.297435
0.996478
0.813655
0.103824
0.974621
0.461241
0.0804698
0.455179
0.194369
0.767762
0.774933
0.291066
0.938148
0.460562
0.670613
0.995544
0.105972
0.0660434
0.991596
0.747541
0.925922
0.966792
0.877127
0.870088
0.572953
0.623692
0.392952
0.348816
0.54985
0.323559
0.0633676
0.0197376
0.729247
0.455682
0.653957
0.0573114
0.232211
0.775274
0.0246543
0.365609
0.788674
0.249067
0.0743672
0.890001
0.241529
0.380777
0.726714
0.876723
0.0794213
0.83402
0.374793
0.143842
0.546141
0.985353
0.833566
0.74995
0.417847
0.759492
0.783978
0.321254
0.309536
0.364013
0.962526
0.170629
0.758275
0.327306
0.0374616
0.616725
0.294204
0.681513
0.194379
0.931064
0.398083
0.574753
0.879077
0.642244
0.195776
0.405924
0.370033
0.138095
0.97016
0.475134
0.5851
0.773209
0.322043
0.581472
0.805694
0.305954
0.170162
0.909846
0.785108
0.308318
0.900275
0.930209
0.030094
0.789417
0.725802
0.56117
0.584738
0.699682
0.558325
0.77657
0.810081
0.0331624
0.359922
0.204587
0.49942
0.745104
0.966881
0.364398
0.434451
0.818877
0.873556
0.856406
0.607643
0.655136
0.868751
0.0943175
0.193667
0.958709
0.023675
0.906256
0.440148
0.569458
0.87472
0.41349
0.522875
0.955461
0.437033
0.214691
0.309739
0.777864
0.568044
0.11371
0.126306
0.826706
0.452884
0.624238
0.573669
0.649038
0.381292
0.375244
0.731648
0.800032
0.134738
0.54799
0.0661386
0.591913
0.288293
0.335432
0.601444
0.468443
0.129586
0.954651
0.813649
0.991575
0.405324
0.283689
0.958478
0.137694
0.217897
0.19189
0.0923784
0.604414
0.390426
0.896236
0.0416596
0.173269
0.12604
0.346774
0.22729
0.0608504
0.711999
0.565805
0.483736
0.147138
0.954423
0.981114
0.578344
0.221301
0.413934
0.983503
0.735915
0.527384
0.746228
0.85708
0.951176
0.410882
0.689803
0.517864
0.742713
0.776033
0.791072
0.541908
0.8401
0.568239
0.392065
0.441576
0.570691
0.611729
0.332278
0.593126
0.664966
0.079481
0.837766
0.326437
0.426969
0.0755868
0.386786
0.710491
0.228409
0.868544
0.622461
0.70107
0.888344
0.403772
0.195079
0.693736
0.622737
0.343052
0.668802
0.55851
0.870426
0.256628
0.150287
0.880691
0.769471
0.493588
0.736324
0.405115
0.773428
0.0101928
0.311151
0.517678
0.609655
0.466706
0.931735
0.678027
0.593781
0.670612
0.974348
0.860399
0.722871
0.294448
0.786067
0.425796
0.352465
0.881233
0.88865
0.53247
0.216621
0.755404
0.0696858
0.209477
0.675048
0.525133
0.914433
0.883775
0.61245
0.451753
0.618257
0.0433314
0.271193
0.93885
0.253205
0.618847
0.953382
0.4836
0.857942
0.432553
0.918503
0.286392
0.382067
0.400347
0.636174
0.179421
0.532003
0.374004
0.893443
0.0959282
0.264826
0.929522
0.478587
0.613399
0.403194
0.480126
0.472839
0.00209141
0.150354
0.993039
0.000851064
0.30383
0.472124
0.990876
0.659062
0.862058
0.617152
0.468341
0.400837
0.872175
0.652767
0.0467866
0.343138
0.128267
0.78997
0.0317591
0.77475
0.223419
0.0103205
0.455962
0.355995
0.200226
0.192604
0.0925395
0.311724
0.143516
0.0669069
0.504767
0.623522
0.537269
0.876717
0.976973
0.980418
0.882793
0.107628
0.899014
0.734745
0.864319
0.603132
0.840894
0.897155
0.483136
0.0731021
0.627073
0.218877
0.661385
0.902496
0.249305
0.074193
0.96184
0.639407
0.50544
0.935261
0.924655
0.68301
0.354798
0.0872523
0.449929
0.953534
0.040826
0.16254
0.802375
0.509872
0.412657
0.526276
0.128845
0.495579
0.198156
0.416148
0.194794
0.907369
0.158726
0.716275
0.4274
0.317187
0.962987
0.921395
0.88942
0.480651
0.294472
0.195861
0.840205
0.320463
0.026089
0.477154
0.534902
0.0936123
0.342677
0.377501
0.658825
0.878415
0.517739
0.644283
0.464319
0.817012
0.524285
0.654136
0.0557847
0.57368
0.848123
0.408259
0.603857
0.0322768
0.475815
0.0310812
0.382557
0.635095
0.0412329
0.00186672
0.373886
0.906806
0.692316
0.762014
0.169436
0.718463
0.206447
0.760373
0.590821
0.922188
0.207738
0.448935
0.254412
0.903669
0.966615
0.899508
0.0282956
0.563547
0.538894
0.197445
0.452111
0.637198
0.378934
0.746098
0.666002
0.501555
0.630376
0.721744
0.355132
0.705515
0.595025
0.586536
0.912218
0.655276
0.23088
0.407406
0.265042
0.563428
0.526047
0.275114
0.836775
0.670961
0.849245
0.258345
0.00546522
0.853887
0.27472
0.210664
0.623465
0.576372
0.0774134
0.0864943
0.709722
0.295954
0.101925
0.0495183
0.254242
0.0390969
0.101211
0.0536876
0.328286
0.495903
0.642861
0.561204
0.152251
0.887601
0.907778
0.0227826
0.907621
0.391369
0.743519
0.320445
0.712134
0.829019
0.317484
0.950376
0.972452
0.996605
0.946615
0.751068
0.201268
0.711314
0.0585139
0.443645
0.336094
0.725493
0.358741
0.364886
0.643216
0.535815
0.436629
0.424366
0.316702
0.808694
0.717274
0.229768
0.715038
0.636944
0.123272
0.8285
0.604567
0.951641
0.236291
0.341648
0.0786163
0.304195
0.611975
0.458483
0.731311
0.135844
0.124234
0.0047808
0.350926
0.015982
0.609514
0.106856
0.924623
0.138175
0.311336
0.626463
0.960342
0.465313
0.513399
0.694271
0.612231
0.771923
0.705389
0.47141
0.993792
0.66482
0.626527
0.0315508
0.273834
0.329634
0.163026
0.977066
0.552474
0.429448
0.726241
0.937469
0.0440961
0.123649
0.165727
0.369659
0.85386
0.819
0.930847
0.74526
0.587696
0.405714
0.83379
0.501689
0.884245
0.500992
0.179122
0.502221
0.831802
0.0999129
0.235669
0.885281
0.923864
0.378823
0.883562
0.0227608
0.540219
0.468106
0.461865
0.569884
0.0465774
0.826838
0.669147
0.354889
0.627514
0.628224
0.557389
0.0335592
0.0296788
0.811516
0.150976
0.447582
0.510823
0.403983
0.742718
0.860021
0.366272
0.928563
0.365895
0.603758
0.36837
0.198345
0.592054
0.656462
0.159355
0.281358
0.777188
0.196249
0.363867
0.514358
0.806963
0.621872
0.806746
0.987169
0.352195
0.339421
0.655818
0.338208
0.255214
0.381415
0.437891
0.639545
0.829166
0.79266
0.239853
0.207413
0.986112
0.57685
0.120597
0.874306
0.457583
0.600712
0.171079
0.323061
0.690844
0.0184552
0.176181
0.082339
0.871572
0.50762
0.572999
0.397356
0.356362
0.374606
0.995741
0.417375
0.817959
0.442677
0.0793585
0.778195
0.131607
0.915393
0.00273478
0.963524
0.948268
0.53629
0.434229
0.0926658
0.434085
0.667973
0.621967
0.406266
0.120829
0.775672
0.711277
0.436757
0.573507
0.936372
0.60916
0.155492
0.361196
0.622954
0.989606
0.314427
0.570182
0.0426275
0.440602
0.196123
0.245494
0.0253574
0.182069
0.0343524
0.36133
0.869758
0.0203303
0.690692
0.467838
0.958913
0.453937
0.314798
0.810202
0.0578612
0.473326
0.183848
0.94148
0.457553
0.0998651
0.432946
0.520683
0.121144
0.0739393
0.697402
0.243803
0.597638
0.494593
0.616412
0.036733
0.372351
0.101611
0.775638
0.142055
0.519357
0.825412
0.698454
0.917953
0.0311463
0.476444
0.588073
0.746131
0.227247
0.348041
0.518137
0.331704
0.942559
0.587879
0.474386
0.999307
0.345475
0.393887
0.052511
0.552173
0.376418
0.463088
0.122395
0.0966425
0.270229
0.740576
0.854181
0.2253
0.620215
0.946539
0.487611
0.283707
0.261037
0.255952
0.777695
0.723756
0.171489
0.211049
0.0949345
0.563425
0.48639
0.751139
0.388259
0.463395
0.276164
0.483916
0.17866
0.732538
0.76106
0.13492
0.603784
0.802894
0.232589
0.127087
0.94799
0.86958
0.0339365
0.370894
0.612065
0.983361
0.34427
0.151912
0.191618
0.528914
0.464815
0.146687
0.373226
0.814552
0.170378
0.541472
0.526592
0.438508
0.0115822
0.662822
0.0516478
0.0441298
0.688882
0.0476699
0.187587
0.777798
0.458317
0.934202
0.127317
0.811522
0.24408
0.246684
0.0235746
0.218874
0.61113
0.255734
0.129203
0.518052
0.908021
0.114915
0.371471
0.315965
0.420276
0.587025
0.131582
0.495
0.46554
0.32394
0.454838
0.467048
0.681734
0.908511
0.348865
0.369438
0.152377
0.999364
0.309449
0.906257
0.460547
0.407939
0.231859
0.847842
0.673971
0.431389
0.350821
0.248373
0.410156
0.483491
0.0350636
0.313286
0.405684
0.331689
0.695269
0.389528
0.804042
0.532583
0.128273
0.892419
0.885361
0.26675
0.259633
0.657447
0.70657
0.325242
0.347044
0.769558
0.954877
0.612566
0.391667
0.749369
0.649903
0.924663
0.805402
0.385686
0.230086
0.0560398
0.860112
0.896391
0.645267
0.00446911
0.112373
0.646417
0.328394
0.326303
0.171847
0.228052
0.870458
0.786535
0.289609
0.459999
0.198163
0.530448
0.239469
0.763293
0.670765
0.546161
0.32324
0.694446
0.548369
0.44496
0.44106
0.890822
0.0496402
0.303214
0.111141
0.941202
0.777966
0.27081
0.508064
0.0278156
0.497572
0.691327
0.134344
0.924614
0.985813
0.556869
0.29409
0.766329
0.683102
0.891527
0.891285
0.829922
0.496742
0.74772
0.92166
0.341091
0.712148
0.0669638
0.461334
0.641472
0.217852
0.435092
0.593188
0.711902
0.929362
0.793271
0.512974
0.561729
0.976962
0.794438
0.115186
0.935277
0.20146
0.943744
0.508376
0.277423
0.651119
0.350338
0.127926
0.0497719
0.516969
0.705219
0.610371
0.50265
0.0428617
0.376041
0.124152
0.627821
0.795781
0.695815
0.557709
0.421398
0.440644
0.907452
0.540472
0.713968
0.663768
0.945767
0.510713
0.550564
0.323379
0.0247809
0.493098
0.501577
5.65825e-05
0.950983
0.16831
0.778349
0.718804
0.943569
0.562096
0.142795
0.950166
0.446807
0.482985
0.532286
0.1255
0.276027
0.190389
0.875436
0.460032
0.756787
0.325062
0.315979
0.652638
0.881235
0.920444
0.900829
0.23138
0.801125
0.511897
0.459665
0.596538
0.0189734
0.886592
0.944501
0.223056
0.908076
0.0369521
0.0538909
0.743961
0.746202
0.411161
0.387054
0.21823
0.786905
0.516524
0.215873
0.174625
0.915098
0.0506726
0.655089
0.0797028
0.565573
0.580091
0.587469
0.586854
0.256411
0.50681
0.948133
0.275356
0.906457
0.820952
0.73833
0.110704
0.608549
0.87804
0.225526
0.422209
0.0596983
0.349214
0.234991
0.495823
0.30271
0.647564
0.616195
0.39052
0.472623
0.369668
0.00177764
0.876815
0.626748
0.760839
0.426372
0.0356241
0.733771
0.494537
0.679446
0.450173
0.0628735
0.714791
0.500141
0.862301
0.686036
0.21124
0.303889
0.461739
0.445472
0.046742
0.593406
0.377601
0.345182
0.469744
0.992277
0.194776
0.603556
0.972182
0.464138
0.768283
0.536054
0.461184
0.11604
0.281614
0.080029
0.0475414
0.0278476
0.0353416
0.986264
0.14741
0.515152
0.153542
0.584254
0.557583
0.291174
0.760571
0.918634
0.477128
0.0857917
0.901125
0.205892
0.42342
0.415973
0.254782
0.114174
0.919465
0.448997
0.292573
0.275544
0.0757539
0.195291
0.248896
0.198741
0.240615
0.017818
0.467739
0.286688
0.359656
0.735709
0.0578068
0.559607
0.31824
0.653547
0.157928
0.298243
0.572684
0.103076
0.405694
0.497726
0.28559
0.911045
0.931699
0.0641328
0.879259
0.704648
0.0198601
0.788019
0.243421
0.179501
0.867367
0.845095
0.513299
0.0162336
0.837713
0.437448
0.181196
0.354688
0.233833
0.0305895
0.118294
0.167652
0.735553
0.436536
0.857096
0.212596
0.10628
0.255595
0.782686
0.600897
0.277585
0.367773
0.157927
0.277845
0.734203
0.745937
0.971342
0.34663
0.809662
0.997257
0.898017
0.963716
0.173632
0.237628
0.820284
0.508642
0.738439
0.937116
0.102077
0.614722
0.629754
0.269252
0.320538
0.283734
0.714478
0.229793
0.124376
0.390158
0.384965
0.108901
0.301427
0.0831031
0.712974
0.950515
0.311562
0.41934
0.849598
0.20082
0.175587
0.0961647
0.239581
0.63563
0.0297015
0.193049
0.571287
0.624684
0.0594818
0.710522
0.744982
0.917909
0.292354
0.59446
0.0945993
0.931031
0.844245
0.222688
0.718768
0.329675
0.847574
0.176831
0.995679
0.374428
0.00353527
0.417338
0.2068
0.695326
0.351223
0.0104367
0.409095
0.661765
0.289636
0.915262
0.816785
0.702348
0.36369
0.543348
0.0524992
0.353886
0.756543
0.220508
0.0845619
0.231237
0.398085
0.606548
0.247436
0.657003
0.241497
0.848136
0.620221
0.0595861
0.464
0.447293
0.645825
0.383815
0.778366
0.000167564
0.816254
0.778722
0.977513
0.0678023
0.553315
0.573166
0.203581
0.588791
0.813414
0.0455378
0.354509
0.229776
0.83948
0.143211
0.944477
0.824658
0.0235453
0.726573
0.520405
0.446571
0.518031
0.541873
0.259938
0.782156
0.692655
0.456743
0.480013
0.584092
0.840131
0.0764934
0.624619
0.971407
0.437782
0.79547
0.464327
0.936669
0.588003
0.559141
0.475167
0.130391
0.477866
0.489138
0.935514
0.18556
0.704352
0.0387385
0.0783958
0.597926
0.34979
0.920885
0.315532
0.146426
0.98127
0.199615
0.923813
0.519577
0.530769
0.638249
0.0429415
0.718015
0.682572
0.989097
0.750681
0.697548
0.694706
0.928474
0.868824
0.323701
0.436893
0.862704
0.458242
0.671771
0.447445
0.200431
0.636541
0.336935
0.870921
0.565563
0.414851
0.404239
0.0513709
0.39155
0.785638
0.221346
0.163666
0.734169
0.180704
0.089399
0.528701
0.885724
0.35794
0.894662
0.581659
0.949807
0.399263
0.407389
0.986756
0.40381
0.826978
0.0254649
0.98774
0.943503
0.461144
0.441292
0.797544
0.322377
0.188339
0.420913
0.281337
0.430185
0.111468
0.439353
0.198149
0.292503
0.0956192
0.0721976
0.425365
0.107674
0.676666
0.733612
0.820275
0.363003
0.986599
0.772738
0.408772
0.234269
0.354696
0.370811
0.219722
0.862881
0.436317
0.174758
0.163155
0.149683
0.723693
0.10461
0.183881
0.488594
0.806991
0.0921785
0.244807
0.467127
0.0034238
0.543748
0.779577
0.3561
0.975925
0.378176
0.00281403
0.295356
0.0450962
0.932284
0.90501
0.505307
0.69199
0.268194
0.530607
0.906666
0.331212
0.686615
0.937247
0.308768
0.460276
0.851199
0.0948874
0.772098
0.651669
0.606039
0.694744
0.568351
0.271467
0.549037
0.665304
0.758826
0.583007
0.60428
0.135304
0.0487015
0.525332
0.249312
0.18724
0.938228
0.802992
0.890228
0.063124
0.925326
0.959422
0.999563
0.654925
0.332508
0.457911
0.107752
0.984567
0.617697
0.635268
0.949907
0.0878982
0.304694
0.992817
0.276577
0.424438
0.535487
0.929134
0.949683
0.315761
0.999815
0.894178
0.447081
0.0923744
0.537293
0.279446
0.642857
0.500692
0.1286
0.375641
0.401405
0.406961
0.786294
0.250468
0.610081
0.631499
0.59656
0.376575
0.0941596
0.540601
0.887839
0.903273
0.313268
0.0956032
0.803712
0.981442
0.094158
0.512796
0.554937
0.818682
0.581526
0.705282
0.674514
0.562647
0.411373
0.945747
0.168496
0.908331
0.315064
0.285348
0.840907
0.120513
0.468743
0.162445
0.20992
0.124736
0.436904
0.0534699
0.668398
0.760321
0.721774
0.8537
0.137673
0.865879
0.833962
0.398511
0.779203
0.0678758
0.789308
0.903722
0.848995
0.0579525
0.00777545
0.681906
0.789949
0.678488
0.348536
0.837214
0.0578587
0.431389
0.353898
0.96144
0.927713
0.0685609
0.303665
0.692337
0.107764
0.185931
0.950639
0.395405
0.57281
0.221905
0.555889
0.828925
0.737565
0.248106
0.920081
0.796305
0.506394
0.967498
0.733358
0.55504
0.560308
0.0927631
0.0692741
0.290151
0.563793
0.67171
0.422959
0.664409
0.716545
0.974796
0.399658
0.0594825
0.722374
0.936055
0.281833
0.768179
0.77722
0.739831
0.339042
0.282809
0.169299
0.40807
0.439005
0.35459
0.601721
0.121479
0.694026
0.487279
0.702025
0.926849
0.553908
0.5288
0.535499
0.138361
0.438241
0.509656
0.784564
0.159054
0.222516
0.833797
0.62579
0.644615
0.042469
0.776938
0.00246644
0.453507
0.0837958
0.356787
0.518544
0.160888
0.0524793
0.0195317
0.269926
0.645952
0.506974
0.709915
0.541261
0.980549
0.0864069
0.240114
0.602902
0.975311
0.0472774
0.592017
0.0303747
0.507864
0.671741
0.948535
0.0223767
0.0859577
0.691168
0.465894
0.288408
0.277625
0.038532
0.606539
0.10533
0.279425
0.300982
0.604355
0.400014
0.0345492
0.667947
0.179125
0.555212
0.445734
0.457844
0.978538
0.288967
0.674178
0.914641
0.373295
0.976358
0.641428
0.485783
0.555737
0.26771
0.39751
0.948118
0.014733
0.61815
0.241193
0.736304
0.0628983
0.131195
0.00187849
0.571718
0.865486
0.228591
0.935393
0.143197
0.719637
0.940167
0.388712
0.0842486
0.966701
0.340398
0.0660554
0.19296
0.0804835
0.686059
0.589695
0.0111335
0.121283
0.409061
0.08468
0.21662
0.73341
0.417021
0.880271
0.715104
0.753281
0.390109
0.568909
0.654346
0.589293
0.242916
0.69621
0.195672
0.659968
0.0774418
0.564208
0.642203
0.503365
0.050544
0.49307
0.0312704
0.561996
0.471025
0.517081
0.574022
0.595045
0.925676
0.841384
0.146034
0.385244
0.790996
0.267055
0.392661
0.460343
0.978133
0.484511
0.184093
0.0500223
0.724427
0.451433
0.230076
0.88647
0.895529
0.151013
0.0680855
0.312674
0.111366
0.7318
0.361247
0.474793
0.847978
0.971486
0.770069
0.553494
0.566625
0.271904
0.892288
0.688015
0.475696
0.0174364
0.0531346
0.0337248
0.812201
0.661799
0.861935
0.54573
0.0824374
0.525336
0.323499
0.0467448
0.639331
0.243009
0.255388
0.313564
0.0754712
0.445049
0.934598
0.796618
0.757255
0.189331
0.0847073
0.675872
0.387488
0.519088
0.318471
0.547049
0.256006
0.70053
0.813267
0.585518
0.79977
0.729449
0.843096
0.910159
0.0347154
0.461865
0.559286
0.923791
0.155252
0.320573
0.874152
0.877451
0.32106
0.0594421
0.0428399
0.00943702
0.607981
0.332201
0.308017
0.840637
0.579727
0.473601
0.807369
0.443536
0.506947
0.264793
0.384231
0.77393
0.446305
0.0491522
0.10026
0.0744412
0.133515
0.981804
0.18022
0.959379
0.28322
0.0868016
0.874544
0.467209
0.388246
0.254509
0.533502
0.56975
0.792252
0.386395
0.138852
0.693729
0.499092
0.243877
0.83363
0.825148
0.261826
0.505894
0.566713
0.737979
0.211078
0.590767
0.0284119
0.519415
0.811836
0.524684
0.361499
0.71131
0.995381
0.368121
0.0128814
0.498505
0.365963
0.735479
0.200543
0.526541
0.567183
0.637119
0.0612332
0.146318
0.165457
0.828872
0.858717
0.463924
0.164463
0.127472
0.415585
0.736475
0.939322
0.187672
0.211623
0.747553
0.11589
0.769857
0.979644
0.881622
0.415845
0.100626
0.221357
0.349646
0.501776
0.353054
0.786953
0.319703
0.241666
0.683649
0.0844368
0.128477
0.305017
0.422593
0.517493
0.500414
0.454824
0.226824
0.231908
0.685892
0.781191
0.472729
0.150951
0.0369899
0.689323
0.449952
0.335066
0.461138
0.339641
0.351033
0.816411
0.414921
0.584165
0.0549272
0.161476
0.92686
0.743421
0.670669
0.931712
0.28544
0.389487
0.115619
0.21266
0.181478
0.0995733
0.529088
0.383631
0.69431
0.269315
0.384682
0.343731
0.0829892
0.799498
0.16872
0.670667
0.904248
0.698434
0.584624
0.782218
0.741073
0.205508
0.98101
0.830108
0.622735
0.308522
0.333272
0.305922
0.637976
0.464549
0.674276
0.557351
0.405193
0.0722122
0.670375
4.85206e-05
0.815486
0.878061
0.579253
0.509618
0.152208
0.16613
0.151209
0.36889
0.941803
0.890862
0.715043
0.732783
0.889545
0.579081
0.606186
0.169921
0.857827
0.506428
0.538543
0.295539
0.128355
0.256045
0.350549
0.677502
0.776136
0.512299
0.214663
0.846954
0.749524
0.242115
0.225985
0.134115
0.0739597
0.0400754
0.547231
0.312257
0.0984804
0.160248
0.288767
0.303973
0.868555
0.808897
0.129872
0.767
0.965781
0.877725
0.920649
0.348754
0.511233
0.290489
0.247924
0.8595
0.617002
0.949518
0.551928
0.258532
0.141714
0.79158
0.0781892
0.125728
0.111297
0.570792
0.297288
0.516516
0.0816298
0.952663
0.40834
0.968737
0.565751
0.578906
0.674834
0.939432
0.0383569
0.663792
0.344964
0.802335
0.846976
0.11966
0.132549
0.745467
0.0714041
0.0893835
0.268079
0.597416
0.778181
0.892636
0.533853
0.472453
0.523101
0.753581
0.430033
0.572703
0.413157
0.933671
0.211554
0.58096
0.202291
0.909346
0.373725
0.190152
0.884727
0.612095
0.485006
0.489495
0.940324
0.024114
0.283808
0.967792
0.685762
0.609372
0.708601
0.461822
0.842146
0.948576
0.711255
0.0670759
0.344269
0.123195
0.536326
0.0317132
0.00416333
0.973077
0.502088
0.595141
0.53078
0.824684
0.471744
0.596671
0.244581
0.671743
0.977594
0.423565
0.862887
0.550161
0.558238
0.312774
0.797267
0.661934
0.129479
0.160832
0.0955706
0.255686
0.309614
0.689235
0.972025
0.825203
0.194461
0.311101
0.666295
0.412478
0.515951
0.596303
0.0588052
0.338728
0.995139
0.30596
0.27261
0.763448
0.277107
0.344532
0.547402
0.180817
0.999342
0.936235
0.302756
0.423507
0.88558
0.947834
0.240788
0.921706
0.111222
0.301295
0.868891
0.457701
0.575041
0.722423
0.755644
0.110651
0.704175
0.0669314
0.916841
0.343907
0.0367909
0.343846
0.0237007
0.337702
0.761325
0.586933
0.581178
0.855114
0.896403
0.847087
0.998606
0.578814
0.133775
0.354046
0.448468
0.408262
0.667446
0.768995
0.505332
0.122524
0.26698
0.135472
0.884214
0.989547
0.318202
0.0282569
0.913529
0.67466
0.00682689
0.739582
0.151983
0.375076
0.906733
0.458603
0.737434
0.0555466
0.571576
0.470309
0.478857
0.156921
0.365507
0.0730306
0.425952
0.969748
0.548287
0.064126
0.765756
0.0670643
0.14997
0.538777
0.223913
0.307859
0.190648
0.221924
0.870756
0.799451
0.367592
0.120252
0.0735955
0.919142
0.0192213
0.051657
0.199569
0.156417
0.8976
0.96667
0.828611
0.45924
0.439267
0.763869
0.342072
0.207626
0.565203
0.365598
0.599161
0.107198
0.678155
0.742922
0.290282
0.774814
0.298617
0.854299
0.202364
0.138729
0.616951
0.0941464
0.319294
0.37761
0.492302
0.120468
0.702145
0.947559
0.631854
0.577894
0.663581
0.79892
0.450234
0.0755078
0.0597404
0.0562116
0.748615
0.974539
0.0720883
0.588356
0.491359
0.268399
0.980811
0.492494
0.3521
0.744916
0.795305
0.684084
0.392361
0.408567
0.783267
0.361776
0.36389
0.898625
0.194445
0.0368026
0.542134
0.643576
0.580282
0.799158
0.452339
0.453322
0.989142
0.503148
0.415385
0.377324
0.677218
0.00116488
0.578167
0.245506
0.216921
0.799316
0.108937
0.898455
0.333405
0.545661
0.920176
0.393091
0.672884
0.153146
0.918486
0.986111
0.569785
0.372073
0.426582
0.558534
0.280221
0.671037
0.118286
0.0255464
0.357976
0.49602
0.613315
0.992389
0.0812435
0.459542
0.514518
0.510284
0.339504
0.0472503
0.136297
0.750558
0.629659
0.683065
0.276835
0.769672
0.877925
0.279459
0.864962
0.418012
0.525604
0.831237
0.605241
0.287311
0.836421
0.728943
0.340318
0.722372
0.905059
0.320565
0.739453
0.994295
0.107997
0.113052
0.0618574
0.63767
0.316934
0.713136
0.684035
0.58337
0.702536
0.518856
0.420638
0.667617
0.643824
0.747627
0.360202
0.917223
0.76512
0.377083
0.63272
0.132205
0.962421
0.404274
0.627203
0.39628
0.275153
0.493859
0.28372
0.487587
0.869924
0.811171
0.357787
0.31886
0.083361
0.0480652
0.831362
0.696606
0.850501
0.362756
0.847516
0.205791
0.734784
0.518668
0.24872
0.241407
0.322005
0.938975
0.351179
0.269365
0.221136
0.636768
0.152262
0.0740368
0.33658
0.901438
0.46963
0.074015
0.970432
0.0464616
0.880315
0.450705
0.00689828
0.93945
0.332825
0.795836
0.617852
0.240129
0.849394
0.766569
0.731588
0.795944
0.437198
0.985133
0.138351
0.271747
0.25814
0.556742
0.166942
0.799322
0.211841
0.413252
0.53171
0.446329
0.458947
0.514669
0.0424394
0.27837
0.570309
0.182652
0.83637
0.870494
0.394617
0.323893
0.670577
0.380852
0.984359
0.114046
0.774312
0.864784
0.422274
0.151306
0.996216
0.408365
0.39893
0.818641
0.904043
0.254042
0.679034
0.516717
0.45457
0.96592
0.210567
0.00195098
0.790047
0.324731
0.754695
0.156931
0.53633
0.1059
0.863668
0.67418
0.942105
0.960301
0.781221
0.974829
0.957371
0.531706
0.386273
0.0964901
0.709014
0.400521
0.554193
0.319953
0.442059
0.681339
0.256418
0.613247
0.837193
0.697522
0.25665
0.519968
0.109929
0.582648
0.566422
0.860104
0.762148
0.423306
0.497711
0.0304371
0.557079
0.827598
0.435564
0.531188
0.67894
0.947395
0.875087
0.585135
0.358841
0.0424678
0.75654
0.163985
0.0963676
0.649444
0.205691
0.042616
0.247101
0.0187969
0.919115
0.564299
0.178932
0.307398
0.430537
0.0362788
0.738164
0.321117
0.00974114
0.719357
0.228329
0.530103
0.438303
0.563657
0.382969
0.562284
0.308103
0.289048
0.0272063
0.257042
0.112462
0.144286
0.0155438
0.243813
0.770285
0.172242
0.879348
0.198985
0.332747
0.481668
0.392334
0.963445
0.626236
0.155157
0.723788
0.707663
0.691803
0.135933
0.628371
0.0333629
0.730127
0.250673
0.0638181
0.591589
0.841309
0.8844
0.112463
0.165938
0.922312
0.29329
0.331887
0.0253615
0.250444
0.21362
0.307047
0.537976
0.767022
0.33626
0.514055
0.71986
0.684384
0.44539
0.67172
0.598341
0.309229
0.21731
0.323776
0.709922
0.665362
0.740919
0.627883
0.837931
0.103147
0.597015
0.0311604
0.713135
0.663637
0.744889
0.345397
0.0845046
0.269542
0.19169
0.730036
0.713944
0.259785
0.211596
0.298101
0.177507
0.353342
0.627222
0.720036
0.638984
0.396829
0.512734
0.528171
0.976684
0.130007
0.020869
0.745029
0.701715
0.717355
0.585531
0.0246096
0.613939
0.477929
0.552483
0.58842
0.568038
0.0112615
0.272704
0.334707
0.41667
0.977112
0.323061
0.67979
0.234474
0.798291
0.86931
0.49919
0.886587
0.865528
0.921003
0.290773
0.0201598
0.826462
0.348331
0.392822
0.152268
0.165887
0.0673958
0.721851
0.15727
0.240404
0.470977
0.708546
0.529186
0.0369399
0.848994
0.0367562
0.762203
0.338733
0.0928016
0.717014
0.84841
0.222887
0.0619652
0.44995
0.313414
0.55437
0.290164
0.789431
0.963292
0.0438252
0.569529
0.0806274
0.105168
0.552173
0.370606
0.78285
0.367009
0.324844
0.65176
0.135702
0.750253
0.50062
0.915627
0.935439
0.924382
0.0927661
0.119986
0.598107
0.3902
0.0923049
0.368421
0.0598709
0.250822
0.572498
0.978907
0.489672
0.911333
0.778577
0.551795
0.0179956
0.452423
0.877005
0.816786
0.719556
0.573806
0.956354
0.435667
0.26347
0.135678
0.33214
0.2694
0.807566
0.764284
0.313363
0.695123
0.937372
0.404919
0.466014
0.293734
0.790236
0.49984
0.809271
0.422883
0.396166
0.356435
0.608319
0.0203208
0.531265
0.964847
0.178816
0.360874
0.212095
0.688288
0.0500997
0.0257183
0.248188
0.30365
0.43878
0.567981
0.053897
0.847663
0.66809
0.595499
0.550519
0.567379
0.932682
0.586619
0.303309
0.70747
0.446496
0.257309
0.591483
0.0474901
0.166322
0.376573
0.0702283
0.327858
0.306838
0.0193968
0.00192596
0.369655
0.787536
0.115111
0.663501
0.467088
0.353405
0.679514
0.58896
0.643571
0.490711
0.374318
0.163449
0.0879563
0.280976
0.357456
0.754841
0.620483
0.465332
0.830089
0.309577
0.0674779
0.101888
0.425482
0.0781286
0.107852
0.662604
0.392216
0.969743
0.4741
0.204621
0.0646532
0.627047
0.784809
0.288337
0.0737682
0.822232
0.255613
0.0802312
0.446009
0.0680306
0.390637
0.428946
0.303804
0.0353216
0.650657
0.592506
0.248257
0.448704
0.360909
0.805591
0.564328
0.658925
0.545854
0.169471
0.307172
0.639939
0.452998
0.534181
0.981202
0.0660705
0.446859
0.366163
0.0978218
0.0910131
0.657182
0.251822
0.380678
0.0569952
0.919015
0.885008
0.336127
0.280584
0.779093
0.217533
0.083036
0.586039
0.560891
0.899567
0.0209872
0.73121
0.444131
0.513862
0.481162
0.893089
0.149921
0.720442
0.463382
0.0642011
0.0281875
0.746936
0.761061
0.146316
0.133662
0.460513
0.843959
0.418202
0.722251
0.877283
0.494094
0.242635
0.967164
0.126947
0.601017
0.29123
0.697195
0.759297
0.506877
0.0742701
0.257889
0.332418
0.956509
0.0463404
0.843194
0.569735
0.530832
0.690996
0.573061
0.428907
0.640908
0.742325
0.256929
0.209129
0.824082
0.339931
0.21284
0.208213
0.43514
0.392834
0.363433
0.214524
0.513086
0.430533
0.961636
0.217464
0.913709
0.705269
0.462552
0.106919
0.97965
0.97427
0.553752
0.907073
0.171793
0.326413
0.0265196
0.715678
0.398036
0.786959
0.418618
0.721006
0.951786
0.671126
0.615357
0.305604
0.289453
0.831662
0.747128
0.977081
0.793154
0.540469
0.655166
0.369598
0.832451
0.996045
0.528409
0.968191
0.385035
0.278684
0.843392
0.887747
0.370077
0.883497
0.939472
0.710028
0.434794
0.585058
0.0764673
0.185309
0.494615
0.986549
0.927167
0.891833
0.0388999
0.791061
0.370058
0.569542
0.291337
0.49261
0.291558
0.214833
0.695572
0.473099
0.367268
0.670078
0.994198
0.486028
0.665532
0.60287
0.441416
0.872499
0.0825423
0.287703
0.419114
0.0476044
0.0876607
0.313985
0.14488
0.00479496
0.588871
0.159832
0.30061
0.352256
0.36311
0.784749
0.27217
0.354557
0.042299
0.919773
0.631483
0.335139
0.681176
0.528368
0.27578
0.0296544
0.401722
0.736567
0.479584
0.365967
0.815478
0.740286
0.98303
0.778998
0.620748
0.916547
0.400391
0.375764
0.468496
0.0115102
0.4519
0.0868237
0.245479
0.764735
0.893762
0.454594
0.359304
0.821952
0.542977
0.81453
0.81403
0.402191
0.62283
0.900977
0.718408
0.281675
0.110783
0.924996
0.409534
0.033734
0.96764
0.129334
0.711866
0.324813
0.13325
0.526259
0.828564
0.683297
0.169882
0.206555
0.573907
0.655587
0.455759
0.941117
0.357019
0.410337
0.529485
0.0561235
0.26841
0.1587
0.273888
0.237541
0.348397
0.509614
0.0803006
0.612601
0.98163
0.251147
0.0348661
0.995274
0.566439
0.139188
0.328858
0.108408
0.0101559
0.68985
0.308735
0.916238
0.214828
0.620131
0.545307
0.973827
0.10281
0.927015
0.340419
0.41454
0.176626
0.550489
0.0617452
0.752
0.868041
0.156834
0.900686
0.822527
0.215538
0.544282
0.748331
0.200594
0.375645
0.458384
0.05635
0.0743921
0.307316
0.0656573
0.502804
0.635073
0.677364
0.452866
0.316095
0.605771
0.187006
0.00985443
0.623488
0.955625
0.191749
0.732072
0.936107
0.14427
0.749337
0.105866
0.288292
0.330645
0.158895
0.552243
0.552811
0.0923822
0.668459
0.78834
0.632058
0.997558
0.949336
0.497387
0.590063
0.193377
0.0800362
0.167654
0.752761
0.646651
0.270101
0.595765
0.0158645
0.634729
0.894317
0.785735
0.853914
0.733972
0.864742
0.725532
0.0145719
0.909359
0.58922
0.0201428
0.540313
0.0330969
0.259995
0.740774
0.185983
0.815698
0.428435
0.712708
0.490981
0.924449
0.213091
0.422281
0.268683
0.753959
0.781847
0.496038
0.917129
0.178933
0.33338
0.118659
0.295651
0.0120869
0.14486
0.655057
0.536919
0.997489
0.797673
0.487928
0.611034
0.648351
0.839927
0.660818
0.37432
0.203107
0.611931
0.729492
0.565022
0.327923
0.394912
0.292137
0.951438
0.823237
0.143221
0.121568
0.19896
0.922953
0.0672591
0.424336
0.81859
0.0377315
0.152725
0.846797
0.120389
0.383988
0.686584
0.425004
0.0407568
0.000277868
0.670129
0.859256
0.519058
0.805431
0.871947
0.809975
0.256665
0.767258
0.308279
0.252992
0.0331456
0.0773049
0.263616
0.590455
0.783135
0.147222
0.36272
0.243423
0.206965
0.454373
0.649958
0.8467
0.487821
0.813682
0.556011
0.880176
0.115584
0.619621
0.966633
0.197053
0.873407
0.353993
0.561758
0.468464
0.478071
0.938316
0.283654
0.367262
0.567629
0.140596
0.994028
0.629318
0.955744
0.190808
0.903251
0.935724
0.710749
0.556777
0.746763
0.839509
0.631523
0.999744
0.703654
0.320738
0.650863
0.0474967
0.276634
0.385791
0.995985
0.525917
0.0848334
0.794245
0.876489
0.143982
0.905991
0.992466
0.373418
0.032395
0.461996
0.773498
0.179064
0.530726
0.909712
0.537848
0.616399
0.817705
0.168098
0.222164
0.905111
0.20682
0.0180566
0.477365
0.0742216
0.443086
0.94615
0.936713
0.333404
0.528453
0.71006
0.980085
0.289715
0.243562
0.539351
0.87448
0.384946
0.795743
0.0603827
0.851718
0.832534
0.390668
0.954865
0.407668
0.684463
0.76537
0.577475
0.63041
0.304186
0.447191
0.936449
0.902132
0.135437
0.294708
0.148964
0.639544
0.822101
0.0441359
0.792129
0.308364
0.66562
0.0768082
0.915821
0.209008
0.797104
0.920551
0.702055
0.443878
0.264467
0.904998
0.293344
0.236261
0.83647
0.55913
0.291922
0.329954
0.543344
0.978312
0.494381
0.05544
0.780491
0.719401
0.980797
0.24794
0.120921
0.312401
0.51531
0.81675
0.116716
0.643266
0.368281
0.694209
0.563472
0.277261
0.924664
0.827054
0.292454
0.279563
0.617642
0.713231
0.267487
0.659902
0.978769
0.168681
0.0211044
0.701209
0.214121
0.73655
0.188648
0.608185
0.766452
0.752016
0.140857
0.38211
0.124097
0.698719
0.364837
0.820095
0.332735
0.276771
0.68513
0.979446
0.553809
0.860905
0.222572
0.769167
0.398166
0.982026
0.903697
0.431679
0.233824
0.885748
0.773546
0.989308
0.305044
0.866461
0.606236
0.0146943
0.967675
0.715764
0.839382
0.485914
0.754336
0.12705
0.332045
0.67968
0.389601
0.0263597
0.0272853
0.584544
0.427937
0.330385
0.774004
0.685831
0.75397
0.969536
0.993127
0.488122
0.868193
0.718048
0.24074
0.122516
0.120885
0.722438
0.013532
0.431787
0.0461047
0.882229
0.614779
0.595437
0.511104
0.127217
0.131205
0.163585
0.380685
0.177107
0.643928
0.496318
0.619964
0.728939
0.279806
0.69872
0.393099
0.814192
0.123631
0.872968
0.967096
0.979614
0.372911
0.522096
0.86449
0.489812
0.274261
0.498757
0.609204
0.88551
0.765173
0.270061
0.913952
0.783271
0.429353
0.136066
0.858309
0.599868
0.973116
0.163503
0.989253
0.379018
0.148584
0.248074
0.37479
0.0916487
0.3393
0.613456
0.353493
0.156643
0.691731
0.924214
0.256456
0.248679
0.543184
0.286387
0.306627
0.472556
0.242733
0.612154
0.46482
0.228395
0.642451
0.669684
0.373899
0.118769
0.148045
0.193737
0.140914
0.333207
0.207705
0.903644
0.549755
0.736575
0.612573
0.519642
0.629898
0.694971
0.370345
0.384626
0.410639
0.616588
0.993612
0.629766
0.474149
0.0277425
0.267733
0.786906
0.524045
0.625592
0.328653
0.678602
0.262809
0.0261013
0.684787
0.209277
0.31544
0.601834
0.0216211
0.385864
0.218759
0.681814
0.247408
0.194217
0.213157
0.522207
0.732496
0.0673952
0.711253
0.0344838
0.568818
0.122403
0.227809
0.779124
0.729776
0.351047
0.0460369
0.741961
0.135198
0.274027
0.577449
0.178223
0.398631
0.792848
0.397298
0.390678
0.132754
0.189062
0.569904
0.368852
0.291785
0.0266273
0.524426
0.0202537
0.40433
0.575223
0.766821
0.962521
0.0937069
0.931599
0.388375
0.410716
0.901697
0.817941
0.12952
0.838314
0.546811
0.251167
0.355545
0.646037
0.951852
0.783132
0.100841
0.836118
0.626911
0.49869
0.479534
0.528715
0.11535
0.684979
0.445695
0.80076
0.365779
0.650625
0.0625994
0.108935
0.869396
0.932217
0.768731
0.0611829
0.300747
0.648517
0.633504
0.295083
0.463171
0.514283
0.555927
0.471878
0.853275
0.991
0.733561
0.961029
0.0102102
0.602087
0.27546
0.658681
0.454976
0.773908
0.0749146
0.0904319
0.88844
0.00990159
0.416068
0.858632
0.0291874
0.552837
0.533173
0.0441355
0.785063
0.559839
0.217896
0.177759
0.59533
0.708966
0.592328
0.255253
0.0415758
0.763717
0.795444
0.0258147
0.866968
0.122803
0.953633
0.713052
0.25682
0.381464
0.262266
0.910911
0.681362
0.659147
0.279131
0.357467
0.943329
0.524664
0.0223587
0.782145
0.504624
0.213758
0.629291
0.496492
0.536729
0.801184
0.497524
0.878804
0.0540511
0.436342
0.595151
0.70035
0.789267
0.217122
0.173852
0.936376
0.672749
0.892211
0.390713
0.714397
0.87403
0.814804
0.413163
0.0303079
0.384918
0.317574
0.466707
0.938003
0.0194595
0.0554713
0.306865
0.484461
0.336242
0.227108
0.997535
0.565525
0.7711
0.881438
0.322444
0.315274
0.810537
0.693332
0.828538
0.229856
0.196041
0.859874
0.907505
0.442111
0.557907
0.734625
0.837341
0.183753
0.330108
0.13282
0.312464
0.585265
0.556985
0.240613
0.98477
0.031093
0.579591
0.186684
0.591475
0.912449
0.537269
0.883782
0.725497
0.428142
0.781843
0.428119
0.399056
0.939521
0.529616
0.263612
0.521055
0.366179
0.362319
0.499479
0.740531
0.101714
0.507463
0.937597
0.197796
0.35527
0.0292409
0.452425
0.901734
0.436621
0.28659
0.720478
0.0780738
0.185814
0.980185
0.96422
0.643818
0.649964
0.949149
0.341424
0.305682
0.592225
0.527302
0.366192
0.588869
0.113451
0.774007
0.735744
0.654835
0.80991
0.150927
0.623207
0.239457
0.551787
0.876231
0.820742
0.216218
0.971346
0.418082
0.701997
0.460531
0.151305
0.979009
0.19825
0.985925
0.435473
0.994459
0.874907
0.567402
0.331878
0.878241
0.599721
0.503752
0.554264
0.509678
0.16131
0.136817
0.483418
0.80568
0.0700602
0.50169
0.897122
0.929754
0.382232
0.173069
0.770762
0.204828
0.544373
0.27526
0.288931
0.0700848
0.915814
0.0928844
0.107648
0.239408
0.732198
0.0474139
0.884746
0.926506
0.794336
0.413218
0.948015
0.285984
0.535674
0.0803113
0.791515
0.000712547
0.975774
0.833371
0.465783
0.42234
0.260121
0.853335
0.994745
0.685205
0.244157
0.539656
0.00351951
0.152385
0.13714
0.905672
0.636877
0.992007
0.657523
0.982676
0.840968
0.147279
0.31074
0.613964
0.894333
0.0542213
0.297837
0.747488
0.0286133
0.904208
0.0161653
0.690835
0.870537
0.118367
0.386438
0.855993
0.668944
0.943089
0.497374
0.363514
0.579404
0.04656
0.533623
0.605389
0.774339
0.316971
0.327828
0.805649
0.535367
0.919819
0.401614
0.924286
0.483104
0.524734
0.209349
0.534225
0.722274
0.254029
0.471857
0.503537
0.939047
0.571218
0.458092
0.145883
0.850011
0.139063
0.226439
0.761237
0.10593
0.358248
0.0708802
0.282793
0.893748
0.215623
0.977765
0.29167
0.102554
0.619843
0.707773
0.540664
0.943321
0.400563
0.261988
0.240668
0.906807
0.713513
0.00758688
0.512609
0.415611
0.167922
0.260499
0.205148
0.918081
0.189176
0.489419
0.661483
0.541218
0.245745
0.239881
0.676807
0.101782
0.644198
0.0429164
0.295344
0.839401
0.817989
0.934978
0.170083
0.587359
0.742779
0.891572
0.650818
0.296283
0.627084
0.395512
0.374493
0.0955986
0.725536
0.0864796
0.462888
0.758799
0.137886
0.44725
0.928685
0.4086
0.334369
0.74667
0.28637
0.0244656
0.192779
0.0400735
0.514639
0.536806
0.0976886
0.851731
0.0361772
0.0295857
0.246525
0.352846
0.276693
0.371418
0.415124
0.98343
0.502202
0.502804
0.632338
0.710193
0.215037
0.129366
0.255903
0.961183
0.608006
0.75305
0.506407
0.186526
0.937611
0.434487
0.430834
0.0279985
0.570574
0.638198
0.188026
0.146576
0.507955
0.204139
0.971214
0.192474
0.916846
0.427438
0.950796
0.0241974
0.685041
0.481577
0.866659
0.943394
0.624134
0.824977
0.389276
0.569576
0.860559
0.41001
0.0396533
0.452751
0.386779
0.597445
0.25202
0.704959
0.237673
0.573207
0.887673
0.127361
0.550314
0.126063
0.740158
0.838674
0.601876
0.736482
0.0551039
0.131232
0.613037
0.319069
0.593621
0.99635
0.657904
0.396825
0.432736
0.988429
0.520195
0.918191
0.0372398
0.889715
0.447641
0.507047
0.945908
0.871817
0.625963
0.555568
0.434476
0.23927
0.410751
0.49599
0.101072
0.724378
0.621246
0.278472
0.278887
0.257244
0.493265
0.313158
0.251528
0.438872
0.12545
0.442308
0.864523
0.0439919
0.372222
0.938795
0.320114
0.152445
0.147495
0.944646
0.661424
0.556047
0.487802
0.488673
0.123894
0.284867
0.759319
0.877013
0.964704
0.777371
0.269707
0.971933
0.274344
0.89338
0.0356592
0.324987
0.0646015
0.756747
0.648035
0.525933
0.363462
0.699759
0.855286
0.791972
0.673759
0.873152
0.0617501
0.833253
0.47607
0.305661
0.239752
0.508179
0.96602
0.899203
0.899256
0.796109
0.197498
0.352155
0.666953
0.477724
0.112079
0.718286
0.232703
0.0387389
0.0850054
0.685256
0.0912093
0.95548
0.744379
0.775497
0.785737
0.886506
0.509423
0.865534
0.0340493
0.267162
0.183746
0.21125
0.476194
0.393493
0.428679
0.810652
0.635069
0.60443
0.661647
0.30733
0.293004
0.523868
0.654583
0.57419
0.410615
0.212605
0.259441
0.417154
0.101092
0.0577063
0.870174
0.0138431
0.661452
0.0223651
0.890405
0.0384638
0.461143
0.437304
0.762087
0.39221
0.87436
0.369022
0.160346
0.927489
0.300413
0.0342431
0.523865
0.592248
0.905758
0.0734366
0.248413
0.07704
0.811945
0.358958
0.0106433
0.881749
0.561453
0.346034
0.797961
0.33834
0.472958
0.01095
0.0372272
0.678209
0.653108
0.781629
0.838886
0.148718
0.495675
0.812605
0.453948
0.499752
0.34012
0.391026
0.975856
0.218649
0.837739
0.882569
0.338226
0.561306
0.873935
0.221552
0.620936
0.068522
0.649316
0.0467488
0.707251
0.761081
0.494801
0.117328
0.930518
0.219645
0.580507
0.579158
0.912833
0.985719
0.980482
0.966082
0.937819
0.932327
0.611552
0.357736
0.4644
0.173117
0.579753
0.910859
0.808783
0.216397
0.985204
0.324886
0.362633
0.769485
0.732559
0.117864
0.935397
0.213852
0.20488
0.417408
0.379204
0.289163
0.96712
0.388155
0.719034
0.797756
0.882095
0.376294
0.381524
0.274901
0.25586
0.237434
0.545461
0.567634
0.218315
0.227795
0.554284
0.845286
0.716214
0.403712
0.188257
0.0290249
0.822052
0.228536
0.998769
0.302534
0.689888
0.951689
0.0319485
0.957722
0.433612
0.71003
0.477642
0.737399
0.469117
0.44406
0.309208
0.857771
0.556129
0.862026
0.076647
0.206233
0.149943
0.094909
0.135169
0.793579
0.677797
0.732984
0.263283
0.999428
0.394447
0.46593
0.892502
0.276451
0.318943
0.475249
0.50735
0.0330106
0.809305
0.987319
0.871017
0.18833
0.269462
0.84926
0.510421
0.646364
0.440431
0.318218
0.290133
0.270122
0.946756
0.136103
0.489411
0.524505
0.352086
0.501159
0.971217
0.237602
0.375162
0.351611
0.53182
0.297014
0.911115
0.11208
0.728884
0.355489
0.710325
0.433579
0.165993
0.841272
0.262643
0.242326
0.766217
0.805979
0.0900415
0.328197
0.00509932
0.704236
0.0914174
0.452863
0.263902
0.39893
0.815109
0.529781
0.0301797
0.229509
0.356471
0.20455
0.863532
0.377918
0.671711
0.449967
0.590219
0.815103
0.443742
0.979602
0.164482
0.440629
0.656629
0.96786
0.819762
0.74752
0.56832
0.759224
0.281026
0.205306
0.577756
0.347376
0.35124
0.289065
0.314609
0.640563
0.937626
0.683031
0.697471
0.39068
0.164548
0.557422
0.584662
0.414573
0.733996
0.276816
0.445916
0.514094
0.376488
0.635948
0.377427
0.418844
0.512402
0.942159
0.861142
0.218067
0.0596529
0.586148
0.394368
0.14162
0.205393
0.0344863
0.611666
0.274744
0.620458
0.0378738
0.54437
0.222269
0.674999
0.712154
0.172945
0.689198
0.357333
0.70359
0.242464
0.0938171
0.783537
0.90883
0.700465
0.715392
0.597082
0.164705
0.190088
0.817051
0.177836
0.892632
0.470265
0.735735
0.493584
0.662138
0.54561
0.0723252
0.570176
0.945991
0.267237
0.45951
0.981079
0.9967
0.536334
0.169033
0.939192
0.997392
0.169093
0.95308
0.410628
0.417503
0.966645
0.401153
0.17352
0.351959
0.37139
0.952339
0.955089
0.176273
0.615079
0.640147
0.957446
0.802228
0.0523588
0.994491
0.410626
0.386962
0.666572
0.0787324
0.255049
0.61177
0.0163701
0.131695
0.401866
0.160006
0.223415
0.935336
0.189366
0.668858
0.497413
0.0170654
0.817901
0.46104
0.695677
0.25085
0.0282179
0.258724
0.367876
0.900009
0.450277
0.8045
0.226029
0.864133
0.477937
0.687182
0.471576
0.781101
0.957652
0.253686
0.706474
0.707717
0.596177
0.947042
0.937057
0.111665
0.753035
0.256041
0.275109
0.74971
0.382694
0.945032
0.14748
0.701345
0.498531
0.81587
0.335058
0.323362
0.743418
0.620413
0.284951
0.165338
0.833347
0.0618009
0.688168
0.0475088
0.480278
0.0247092
0.287646
0.471094
0.677063
0.400292
0.714137
0.497001
0.104007
0.0480793
0.0693069
0.840456
0.541596
0.608156
0.286003
0.852365
0.695618
0.246762
0.330677
0.695867
0.440089
0.579843
0.420124
0.0258102
0.791527
0.195012
0.560192
0.145784
0.189637
0.235855
0.0112742
0.484667
0.790435
0.848393
0.948589
0.937805
0.681048
0.377745
0.757225
0.683698
0.904026
0.957294
0.241013
0.712304
0.694503
0.505278
0.208806
0.401371
0.847539
0.584589
0.187925
0.457941
0.61065
0.198078
0.0984468
0.595014
0.406824
0.486044
0.944617
0.16958
0.126518
0.384943
0.741955
0.0393591
0.507754
0.826868
0.176604
0.180352
0.171312
0.232518
0.930752
0.14141
0.672682
0.772342
0.749613
0.750126
0.374726
0.016907
0.156517
0.573358
0.435213
0.631562
0.661159
0.0977669
0.168976
0.974762
0.823827
0.054753
0.232859
0.663543
0.161779
0.014761
0.0880001
0.0180585
0.509957
0.849672
0.443878
0.254667
0.189303
0.607791
0.150483
0.166111
0.833265
0.685297
0.794219
0.433646
0.292927
0.230896
0.674638
0.640679
0.884605
0.562667
0.751767
0.943199
0.351591
0.189945
0.400677
0.182529
0.770988
0.995426
0.127654
0.479243
0.628846
0.0137555
0.188312
0.955051
0.539929
0.586698
0.638673
0.178561
0.066352
0.177614
0.164369
0.555416
0.868931
0.117862
0.900867
0.878322
0.952293
0.184958
0.587125
0.813152
0.643781
0.0238768
0.297658
0.731807
0.477029
0.418352
0.249393
0.543003
0.2478
0.779987
0.244885
0.787107
0.909179
0.575818
0.774534
0.585981
0.588598
0.570386
0.472889
0.849144
0.566177
0.733898
0.623963
0.952428
0.452958
0.863422
0.53259
0.238585
0.901637
0.811118
0.464809
0.0376291
0.432295
0.581133
0.0995696
0.465499
0.646913
0.664793
0.177872
0.500258
0.843353
0.240008
0.811818
0.224403
0.549217
0.683036
0.785788
0.747234
0.761099
0.795537
0.590805
0.665098
0.293693
0.0930387
0.701911
0.0161087
0.739283
0.125734
0.207136
0.337065
0.047868
0.518135
0.299909
0.5742
0.57312
0.428664
0.557095
0.095286
0.472396
0.558671
0.580015
0.315693
0.852482
0.666072
0.677947
0.25967
0.267808
0.0468297
0.0673441
0.852007
0.681691
0.184306
0.625125
0.477718
0.99983
0.148989
0.0551506
0.916747
0.76752
0.708783
0.515337
0.272925
0.0577276
0.227775
0.221411
0.257553
0.687147
0.885602
0.31478
0.502856
0.497055
0.997327
0.0752068
0.000101489
0.705729
0.192122
0.992491
0.789822
0.534133
0.171414
0.952948
0.196416
0.162229
0.591171
0.812013
0.509824
0.613011
0.874745
0.843683
0.775765
0.280598
0.0162405
0.954292
0.788098
0.568643
0.189
0.521942
0.281281
0.497093
0.645067
0.633466
0.659195
0.095985
0.219114
0.641496
0.627646
0.849501
0.561186
0.856757
0.517867
0.795704
0.389965
0.149002
0.284777
0.243786
0.318553
0.927883
0.93131
0.524288
0.712938
0.349955
0.686997
0.362791
0.430413
0.959045
0.672023
0.69023
0.689266
0.494866
0.216001
0.326045
0.840744
0.382663
0.415581
0.669354
0.828341
0.934293
0.670655
0.702884
0.365492
0.824487
0.159315
0.607066
0.954313
0.144902
0.36912
0.799067
0.923928
0.4661
0.749211
0.98624
0.731006
0.0134137
0.444125
0.404804
0.540231
0.65967
0.0791125
0.644469
0.583703
0.290486
0.194478
0.584373
0.552766
0.342194
0.256598
0.637247
0.205588
0.32344
0.0497228
0.690315
0.127877
0.22665
0.31389
0.54536
0.871135
0.165395
0.787976
0.519671
0.116956
0.681951
0.557003
0.554569
0.632906
0.248511
0.722827
0.556909
0.97237
0.62466
0.664616
0.200253
0.658466
0.833947
0.15521
0.61631
0.327699
0.636564
0.738411
0.468519
0.393499
0.533407
0.97023
0.658592
0.962918
0.766997
0.91279
0.263793
0.562718
0.605885
0.107547
0.540174
0.712106
0.369766
0.663405
0.848309
0.534251
0.16466
0.443889
0.440647
0.95691
0.780142
0.848037
0.957112
0.189208
0.0110064
0.983994
0.980463
0.648138
0.254226
0.784742
0.154337
0.93562
0.962513
0.95821
0.641351
0.189278
0.20153
0.110336
0.421975
0.137934
0.257038
0.0418075
0.659043
0.538303
0.253321
0.56537
0.171823
0.831591
0.546006
0.727951
0.680056
0.702099
0.171617
0.362469
0.0205804
0.895415
0.246882
0.34079
0.651027
0.817597
0.35935
0.599946
0.28774
0.0502155
0.972242
0.46663
0.651641
0.126844
0.863379
0.81545
0.26337
0.45764
0.557621
0.934925
0.283373
0.647561
0.553404
0.060893
0.429139
0.54102
0.927733
0.400636
0.484306
0.73537
0.363078
0.24903
0.45261
0.0198633
0.841808
0.264445
0.523465
0.873033
0.0591591
0.287812
0.252591
0.289657
0.272066
0.617261
0.312415
0.765677
0.728167
0.304617
0.695059
0.854083
0.574727
0.432702
0.416927
0.296819
0.638572
0.477048
0.740285
0.968443
0.620754
0.0189953
0.253993
0.867764
0.50471
0.658636
0.702508
0.0560714
0.392297
0.341688
0.756099
0.755436
0.607455
0.504414
0.688113
0.115671
0.0821629
0.911161
0.875943
0.976599
0.695726
0.0704383
0.857035
0.19472
0.657588
0.0770188
0.455141
0.558482
0.400576
0.479763
0.376634
0.0939166
0.456788
0.2408
0.11874
0.66281
0.851537
0.779474
0.621084
0.552017
0.755603
0.421772
0.723057
0.413831
0.25954
0.0959887
0.282702
0.378215
0.657163
0.940944
0.445609
0.357135
0.360849
0.783384
0.334282
0.270453
0.505989
0.156432
0.155944
0.949002
0.876845
0.138991
0.0288503
0.88637
0.216694
0.969402
0.747577
0.525685
0.184265
0.947642
0.0264773
0.00434956
0.103058
0.0983481
0.93692
0.809591
0.802403
0.99032
0.312309
0.971516
0.264193
0.288999
0.201008
0.340896
0.435046
0.81998
0.409687
0.609878
0.211835
0.310804
0.678108
0.95433
0.422733
0.867543
0.791831
0.309123
0.423491
0.605698
0.974033
0.569652
0.146465
0.641431
0.525441
0.0797118
0.716226
0.605077
0.521199
0.789162
0.444955
0.362542
0.249964
0.138642
0.150876
0.775356
0.416542
0.824894
0.990323
0.361767
0.211186
0.398262
0.582343
0.444448
0.841189
0.868476
0.477065
0.033044
0.371006
0.495
0.465084
0.662745
0.748534
0.602594
0.79009
0.0375408
0.948557
0.391032
0.0775073
0.66516
0.343705
0.655987
0.174974
0.787716
0.142643
0.406159
0.316868
0.596002
0.0101063
0.856928
0.389961
0.070827
0.389815
0.612516
0.564557
0.510832
0.559878
0.871447
0.416256
0.00980966
0.87102
0.237788
0.509132
0.983329
0.803766
0.889804
0.940724
0.751648
0.947218
0.893479
0.707885
0.419268
0.643691
0.509142
0.146289
0.681019
0.893764
0.483311
0.0145962
0.319153
0.00362873
0.988141
0.685168
0.621602
0.262427
0.617765
0.773257
0.123513
0.877784
0.916076
0.483587
0.654298
0.793635
0.626842
0.341214
0.789837
0.7943
0.798526
0.826402
0.333987
0.318391
0.197554
0.287867
0.185226
0.0948635
0.371648
0.29176
0.617289
0.771212
0.75856
0.123929
0.878362
0.635359
0.485838
0.48484
0.698654
0.27323
0.173092
0.159361
0.373664
0.169199
0.722968
0.915962
0.572391
0.178478
0.684265
0.434024
0.648273
0.528494
0.402471
0.335465
0.166678
0.350387
0.947515
0.878589
0.452966
0.99493
0.787381
0.507515
0.796844
0.550588
0.739783
0.526519
0.202516
0.681027
0.0174084
0.582486
0.849768
0.0525146
0.612229
0.738875
0.268743
0.764314
0.82082
0.520586
0.481169
0.00921279
0.839377
0.401585
0.43324
0.460666
0.407909
0.725428
0.260068
0.969359
0.0221178
0.733659
0.600206
0.667845
0.47408
0.854883
0.0127009
0.464704
0.281872
0.424009
0.321692
0.685835
0.82337
0.386492
0.77803
0.351364
0.371085
0.823299
0.18765
0.834877
0.76979
0.854989
0.797973
0.535374
0.024547
0.561192
0.94781
0.841592
0.630084
0.81481
0.505013
0.761124
0.205331
0.00521408
0.633096
0.438548
0.681544
0.704343
0.8931
0.326556
0.433549
0.656485
0.540432
0.0404741
0.247985
0.880453
0.778762
0.645651
0.464543
0.569548
0.397774
0.381669
0.713724
0.565026
0.394588
0.844698
0.839212
0.627951
0.976261
0.0226493
0.666629
0.0408831
0.122639
0.194586
0.414317
0.420557
0.302738
0.11035
0.644536
0.716449
0.360348
0.361858
0.754524
0.289624
0.703756
0.0222513
0.97693
0.256668
0.820249
0.922212
0.610923
0.776015
0.480991
0.0139303
0.126273
0.272868
0.100819
0.463929
0.2611
0.300836
0.152199
0.00089058
0.96798
0.833407
0.0769423
0.169691
0.988256
0.621093
0.717257
0.938832
0.957255
0.587918
0.135002
0.986328
0.207679
0.45499
0.0184629
0.306094
0.522947
0.168434
0.877235
0.691713
0.623933
0.444173
0.220404
0.333591
0.6655
0.0548444
0.769588
0.467576
0.541772
0.55797
0.794894
0.777179
0.0486733
0.0519485
0.0981847
0.189725
0.70193
0.330064
0.387419
0.343152
0.350372
0.70729
0.428764
0.230346
0.427256
0.890671
0.506089
0.83447
0.930463
0.283477
0.401039
0.255714
0.788809
0.5206
0.724926
0.833301
0.285858
0.418783
0.490195
0.712112
0.472671
0.178202
0.0466136
0.43492
0.703431
0.565467
0.810203
0.0821343
0.431966
0.0445781
0.223698
0.687629
0.979041
0.749353
0.370819
0.357953
0.120299
0.873242
0.570673
0.304383
0.771471
0.117127
0.556324
0.138102
0.0859415
0.418694
0.986514
0.344725
0.799774
0.807966
0.483954
0.821157
0.187053
0.797649
0.0839458
0.876863
0.435739
0.46687
0.690782
0.976761
0.430044
0.749338
0.126264
0.126774
0.687784
0.593247
0.70334
0.0287384
0.00617018
0.702141
0.888757
0.337685
0.464577
0.148913
0.776765
0.0950459
0.435762
0.845326
0.398027
0.636306
0.393633
0.787276
0.749478
0.482582
0.759624
0.00377379
0.426167
0.587243
0.792723
0.298868
0.0789646
0.158694
0.17144
0.383939
0.856398
0.4734
0.433174
0.361993
0.012382
0.104329
0.457912
0.132937
0.265597
0.891036
0.646395
0.963272
0.709015
0.421717
0.799766
0.663125
0.139206
0.642813
0.756544
0.227574
0.833086
0.678961
0.297134
0.927039
0.747478
0.861778
0.906795
0.508615
0.300382
0.52861
0.343183
0.873669
0.759283
0.266652
0.624444
0.0352689
0.764744
0.0597992
0.0449147
0.88082
0.949609
0.0745264
0.565516
0.626259
0.53669
0.1441
0.884765
0.240462
0.442472
0.630636
0.091251
0.65621
0.91657
0.792522
0.918862
0.317184
0.908743
0.239176
0.839151
0.610531
0.188764
0.550378
0.20354
0.890112
0.116601
0.706885
0.61143
0.311499
0.359527
0.570955
0.0422037
0.318202
0.022445
0.233291
0.919274
0.235028
0.121113
0.54711
0.271148
0.182052
0.754015
0.726334
0.492318
0.380635
0.329257
0.821013
0.769425
0.734055
0.269963
0.274774
0.125636
0.55736
0.556643
0.504289
0.590139
0.465152
0.814408
0.757993
0.581623
0.335115
0.27765
0.455392
0.769472
0.521052
0.32333
0.209978
0.106829
0.481781
0.287121
0.636241
0.308635
0.227603
0.317523
0.61407
0.67254
0.376367
0.592788
0.985621
0.334239
0.559923
0.618103
0.453855
0.937041
0.847965
0.751661
0.158725
0.688013
0.433303
0.526291
0.36679
0.639429
0.889252
0.661548
0.633281
0.553943
0.11956
0.444369
0.509358
0.771648
0.0810711
0.562263
0.958365
0.237096
0.864863
0.754105
0.248134
0.39221
0.879146
0.811571
0.0765457
0.504264
0.162681
0.179433
0.7271
0.365514
0.191889
0.082578
0.888719
0.704874
0.810458
0.3713
0.447404
0.519415
0.811038
0.117592
0.375465
0.448515
0.185003
0.343923
0.312342
0.536294
0.484941
0.400622
0.260492
0.0885683
0.56743
0.801729
0.655106
0.373374
0.290526
0.866946
0.762467
0.778894
0.879122
0.405309
0.0363991
0.760128
0.46735
0.751174
0.974689
0.590911
0.437265
0.105003
0.779451
0.236018
0.757444
0.354639
0.423589
0.256272
0.161546
0.0992644
0.337257
0.286566
0.30943
0.595378
0.525478
0.708078
0.673692
0.746217
0.672126
0.421258
0.0777169
0.187272
0.483063
0.846454
0.351018
0.552711
0.413547
0.486849
0.467832
0.845069
0.0704567
0.165179
0.162618
0.11962
0.448456
0.206898
0.334504
0.00885836
0.882429
0.988518
0.0157851
0.299365
0.423226
0.165879
0.933609
0.161085
0.356817
0.0229234
0.273284
0.0787195
0.0387562
0.374688
0.374751
0.447898
0.816498
0.884529
0.277217
0.181541
0.163717
0.589085
0.752143
0.264016
0.313659
0.665191
0.863014
0.672522
0.0826958
0.867835
0.698766
0.159241
0.367882
0.995392
0.555355
0.848775
0.363193
0.190767
0.228503
0.451654
0.953097
0.697575
0.139828
0.0855046
0.0754426
0.963802
0.627855
0.365345
0.359111
0.585533
0.0576576
0.0505852
0.185026
0.725456
0.732654
0.713395
0.0335995
0.707161
0.262756
0.146456
0.493513
0.467626
0.38381
0.700647
0.7664
0.891289
0.88918
0.452107
0.567341
0.300783
0.25489
0.938306
0.107018
0.654154
0.374526
0.664365
0.981741
0.12827
0.836351
0.558362
0.391261
0.931694
0.98516
0.577205
0.0873447
0.0030678
0.560591
0.847791
0.826121
0.608474
0.623928
0.362465
0.95118
0.478459
0.461979
0.477548
0.148135
0.712347
0.412441
0.887585
0.638836
0.917665
0.187801
0.363044
0.673199
0.447881
0.530349
0.569295
0.14439
0.770047
0.183813
0.337387
0.458727
0.819454
0.564236
0.118663
0.367559
0.565616
0.314439
0.7728
0.443856
0.893077
0.946277
0.0815239
0.171721
0.119024
0.435958
0.140889
0.923412
0.793297
0.935646
0.4049
0.14807
0.610141
0.642651
0.0426243
0.387155
0.920996
0.181259
0.418033
0.886738
0.413067
0.425204
0.401618
0.991864
0.25528
0.484418
0.614772
0.470539
0.343643
0.599707
0.270593
0.852962
0.734783
0.492685
0.560599
0.982034
0.0480821
0.115232
0.705864
0.451803
0.451977
0.369198
0.102637
0.0266598
0.0711979
0.623795
0.116915
0.988742
0.794532
0.691573
0.263285
0.0299693
0.694519
0.788351
0.810973
0.0166403
0.673963
0.295892
0.0605729
0.0492771
0.200969
0.692131
0.639098
0.321701
0.824408
0.826685
0.103146
0.572286
0.411325
0.146101
0.516965
0.623169
0.59525
0.36779
0.441
0.880011
0.349472
0.572362
0.682645
0.219278
0.400999
0.587576
0.392069
0.504367
0.900319
0.655213
0.160925
0.667171
0.141145
0.221923
0.863235
0.389731
0.213563
0.356748
0.861459
0.54813
0.414137
0.407953
0.46422
0.142052
0.462833
0.837218
0.116661
0.725559
0.467215
0.476108
0.949868
0.423749
0.943411
0.906751
0.765949
0.298241
0.531545
0.680217
0.411687
0.230682
0.0646639
0.805962
0.803892
0.0129632
0.872273
0.292742
0.111513
0.201164
0.970486
0.954368
0.0656859
0.983253
0.534725
0.122603
0.588214
0.109514
0.608622
0.111754
0.250106
0.536098
0.206586
0.0853523
0.516507
0.929723
0.859391
0.782272
0.639179
0.675185
0.828005
0.272157
0.135529
0.838046
0.0403261
0.760957
0.399904
0.179876
0.180321
0.651547
0.554788
0.316725
0.196836
0.224915
0.148289
0.298291
0.37233
0.754608
0.690856
0.21754
0.203148
0.310952
0.172201
0.183404
0.469342
0.231923
0.925318
0.823925
0.709315
0.455829
0.123322
0.66655
0.711786
0.992981
0.0364211
0.130265
0.357784
0.270656
0.911978
0.606335
0.665268
0.155188
0.245376
0.0301738
0.131049
0.538326
0.642717
0.141297
0.782682
0.542095
0.983415
0.254456
0.643259
0.25569
0.379015
0.106191
0.756928
0.688445
0.697353
0.416351
0.613204
0.124839
0.164856
0.728854
0.843246
0.442314
0.973582
0.984923
0.605641
0.00960291
0.396087
0.0321248
0.92121
0.778356
0.823988
0.764342
0.291924
0.365737
0.94716
0.923238
0.854082
0.549542
0.151672
0.143588
0.285692
0.625207
0.85593
0.623262
0.161494
0.234206
0.304227
0.146667
0.0403538
0.226819
0.141312
0.0233625
0.653116
0.912339
0.686585
0.431613
0.128086
0.741697
0.704724
0.288103
0.148129
0.609898
0.558838
0.395585
0.602622
0.270538
0.937192
0.393796
0.52638
0.870927
0.668011
0.268453
0.896239
0.0875849
0.0386765
0.0362462
0.190594
0.310484
0.311123
0.043041
0.390241
0.776853
0.568186
0.503076
0.195802
0.849792
0.458776
0.652376
0.483011
0.964074
0.192573
0.573231
0.295189
0.235794
0.986788
0.948645
0.87044
0.486254
0.477327
0.431724
0.988571
0.909561
0.987687
0.0603258
0.895608
0.475779
0.41639
0.260944
0.683098
0.823949
0.119109
0.870238
0.0913198
0.811406
0.300291
0.995413
0.913412
0.717538
0.665599
0.720004
0.115345
0.598941
0.395117
0.735732
0.449938
0.102705
0.166928
0.550779
0.945204
0.0505705
0.937736
0.527106
0.0623101
0.246672
0.816398
0.205694
0.0956067
0.861033
0.376728
0.661984
0.967985
0.929246
0.843215
0.920271
0.989876
0.839373
0.338794
0.103613
0.417182
0.579262
0.651382
0.783889
0.826917
0.996648
0.670364
0.813613
0.386684
0.999406
0.0172444
0.826972
0.925295
0.440113
0.983028
0.747204
0.252389
0.901788
0.35467
0.933553
0.218307
0.0900195
0.95806
0.114666
0.184754
0.154128
0.437439
0.0358987
0.348745
0.349184
0.735625
0.656574
0.0458224
0.137343
0.319524
0.242395
0.935088
0.0255538
0.482076
0.25639
0.154792
0.590205
0.581489
0.0812458
0.498401
0.631402
0.972766
0.284275
0.809953
0.886528
0.876824
0.788797
0.315703
0.0177217
0.849302
0.21343
0.124531
0.988979
0.773617
0.179034
0.0242948
0.321939
0.833237
0.207128
0.200543
0.519931
0.479853
0.8957
0.0266387
0.717471
0.536385
0.0244048
0.171826
0.878314
0.818506
0.624192
0.786672
0.595671
0.446088
0.394051
0.807227
0.0695545
0.00278631
0.829494
0.303688
0.0887983
0.432215
0.244515
0.560192
0.153305
0.599357
0.389884
0.774778
0.696803
0.161448
0.453477
0.592293
0.673154
0.695413
0.812512
0.886678
0.395647
0.637706
0.929347
0.528774
0.104509
0.47838
0.12707
0.667652
0.234584
0.656496
0.731198
0.25063
0.336536
0.154783
0.432031
0.146784
0.993487
0.532589
0.230722
0.746021
0.377361
0.302963
0.90676
0.908055
0.675818
0.472061
0.923998
0.631895
0.255718
0.860717
0.0741295
0.894505
0.951044
0.192796
0.314371
0.6388
0.305708
0.0333581
0.648875
0.642644
0.914991
0.252523
0.155657
0.133918
0.757542
0.0150132
0.326797
0.471437
0.438116
0.414759
0.847112
0.408857
0.654418
0.808078
0.363356
0.928618
0.281665
0.944745
0.334675
0.888017
0.906077
0.436091
0.378348
0.899636
0.190314
0.61198
0.542471
0.306511
0.5225
0.650029
0.0403003
0.327231
0.772751
0.630877
0.151589
0.7517
0.826407
0.423558
0.743231
0.486443
0.653233
0.893392
0.240556
0.0321919
0.0486005
0.829175
0.942288
0.0271495
0.301957
0.993396
0.00919359
0.516646
0.275443
0.369455
0.426675
0.123525
0.0783508
0.841926
0.257691
0.0144057
0.117264
0.853839
0.476783
0.288614
0.736946
0.848263
0.753523
0.452726
0.970375
0.0957067
0.542603
0.525508
0.220321
0.941703
0.206215
0.853196
0.656889
0.330757
0.0335109
0.217155
0.731223
0.662703
0.05692
0.654305
0.899161
0.193512
0.350771
0.411121
0.710027
0.428185
0.497729
0.335048
0.150715
0.0657677
0.357477
0.122699
0.204942
0.45329
0.445104
0.866778
0.940629
0.150532
0.999375
0.497936
0.810437
0.0175736
0.359994
0.426905
0.994122
0.201375
0.502398
0.809421
0.941706
0.245075
0.970079
0.119371
0.275528
0.796214
0.967386
0.857489
0.821841
0.689558
0.395191
0.97879
0.529017
0.195843
0.535138
0.0656323
0.0816143
0.690787
0.0517461
0.69664
0.436475
0.829077
0.302312
0.962423
0.443931
0.151178
0.844796
0.48272
0.0669399
0.0581492
0.314392
0.991273
0.324831
0.43353
0.338541
0.856839
0.892889
0.790769
0.458337
0.276875
0.430745
0.526141
0.847968
0.79052
0.275608
0.150496
0.378074
0.288994
0.117021
0.765696
0.0483902
0.294185
0.374168
0.633573
0.455066
0.289441
0.633375
0.127253
0.734501
0.755321
0.675063
0.783021
0.23557
0.225705
0.427747
0.149692
0.869787
0.517645
0.0545634
0.0463544
0.0790884
0.238207
0.543556
0.54635
0.499147
0.156114
0.800355
0.567591
0.501973
0.659671
0.0963203
0.854584
0.996708
0.673654
0.104062
0.963507
0.664397
0.527032
0.832927
0.00344573
0.912404
0.771127
0.330092
0.853736
0.745755
0.900163
0.0445398
0.5812
0.233114
0.942453
0.800327
0.0977405
0.725108
0.886018
0.309546
0.541902
0.74392
0.0560696
0.361757
0.0416156
0.433679
0.836965
0.867267
0.149394
0.86747
0.562448
0.0658963
0.519496
0.171132
0.208518
0.562356
0.515492
0.87961
0.601995
0.731666
0.106124
0.627258
0.33165
0.0475297
0.831269
0.144948
0.142328
0.101282
0.243413
0.0475368
0.951382
0.869861
0.753637
0.385119
0.691768
0.54825
0.432569
0.179924
0.98179
0.947859
0.665169
0.494358
0.680973
0.108704
0.990024
0.331187
0.261892
0.618698
0.459288
0.254526
0.811333
0.0681731
0.785016
0.771589
0.0962426
0.550216
0.486885
0.0825232
0.966682
0.0224539
0.382462
0.0453753
0.623268
0.263943
0.0878084
0.796227
0.182881
0.68748
0.477427
0.110559
0.170181
0.230069
0.774676
0.987427
0.679765
0.810548
0.886833
0.005864
0.556236
0.657099
0.863012
0.63446
0.372904
0.391386
0.016791
0.206916
0.64185
0.569665
0.358428
0.0971593
0.957164
0.0511888
0.33097
0.606335
0.66447
0.748097
0.259342
0.767378
0.320671
0.514128
0.942178
0.179086
0.90166
0.207238
0.0433639
0.816484
0.643507
0.420299
0.972888
0.333247
0.881997
0.726519
0.601103
0.731322
0.327864
0.402677
0.78567
0.752506
0.371274
0.00581523
0.736647
0.828281
0.927015
0.344749
0.195894
0.386521
0.262809
0.032369
0.0262195
0.670968
0.951693
0.111947
0.497465
0.890101
0.921846
0.461272
0.592713
0.72319
0.654367
0.948831
0.0105637
0.544106
0.784387
0.194654
0.555382
0.30723
0.610181
0.306801
0.403907
0.473221
0.431624
0.307457
0.421975
0.135655
0.951063
0.510284
0.336769
0.0800796
0.898469
0.563829
0.279792
0.457243
0.874987
0.899234
0.428707
0.274235
0.0705014
0.916393
0.812168
0.109899
0.0699493
0.637216
0.693801
0.716624
0.29603
0.3737
0.78389
0.844581
0.867959
0.789675
0.0612357
0.187913
0.249511
0.529184
0.990217
0.576494
0.140516
0.655587
0.445161
0.818331
0.685432
0.0617629
0.0487479
0.306061
0.961246
0.660753
0.283169
0.217299
0.144862
0.69084
0.940736
0.942414
0.157374
0.98203
0.982214
0.0725379
0.144823
0.0380859
0.10933
0.513968
0.258115
0.146948
0.752534
0.831324
0.0669855
0.824747
0.529278
0.569338
0.871673
0.206854
0.593091
0.0750031
0.577703
0.452803
0.255826
0.665932
0.322085
0.288014
0.658123
0.0783647
0.0750853
0.958993
0.789301
0.785889
0.430058
0.978167
0.0462124
0.691774
0.644089
0.198842
0.930504
0.98341
0.166138
0.286705
0.659139
0.1409
0.100048
0.506404
0.128749
0.881131
0.160356
0.11119
0.762044
0.67507
0.899145
0.925026
0.906848
0.397605
0.546156
0.249509
0.496136
0.553571
0.869398
0.967544
0.511352
0.299803
0.795993
0.250975
0.133713
0.318962
0.78966
0.816681
0.956733
0.816996
0.249189
0.122883
0.300849
0.375215
0.240601
0.777594
0.017913
0.0640681
0.791982
0.838999
0.0563811
0.597233
0.698114
0.197241
0.0324479
0.351442
0.680467
0.606268
0.548134
0.481259
0.518934
0.717599
0.683019
0.507502
0.587616
0.0620305
0.545888
0.741771
0.937639
0.905591
0.275986
0.49399
0.484599
0.652903
0.335983
0.865008
0.190878
0.0819225
0.870994
0.788336
0.570748
0.566815
0.451343
0.728218
0.163863
0.0478514
0.238595
0.0720047
0.182793
0.19622
0.877607
0.934468
0.606338
0.714726
0.394858
0.379444
0.323518
0.374489
0.0386194
0.0761467
0.798382
0.406039
0.303223
0.26658
0.408736
0.627896
0.0498934
0.558876
0.0287382
0.00263747
0.327879
0.664895
0.88816
0.304331
0.898892
0.674377
0.262397
0.105522
0.505246
0.663515
0.696714
0.680444
0.230547
0.80806
0.0595432
0.742074
0.0295285
0.285628
0.553542
0.386214
0.100722
0.828285
0.977727
0.652706
0.0223007
0.807117
0.208272
0.427831
0.560497
0.26867
0.530942
0.542136
0.686424
0.732623
0.191808
0.711089
0.267916
0.860364
0.132111
0.385578
0.415071
0.0923889
0.78105
0.103534
0.0893388
0.51789
0.185555
0.627088
0.466166
0.859735
0.57284
0.716029
0.291394
0.463307
0.806556
0.790864
0.0520456
0.730297
0.0988354
0.126198
0.0104374
0.420947
0.852838
0.65356
0.391087
0.999545
0.34758
0.771701
0.981912
0.99911
0.0431883
0.865873
0.727525
0.509452
0.357037
0.717683
0.0902917
0.532122
0.377051
0.100079
0.0257122
0.145284
0.788852
0.240475
0.667312
0.515126
0.726084
0.298535
0.470274
0.898695
0.370838
0.666097
0.0881975
0.335274
0.942111
0.0561401
0.547494
0.72541
0.95899
0.749986
0.00780992
0.26127
0.168941
0.391865
0.0705728
0.117514
0.0612973
0.222997
0.908319
0.120765
0.70093
0.528494
0.396659
0.655228
0.411292
0.578588
0.329046
0.273716
0.349037
0.270249
0.0827927
0.496414
0.233615
0.359648
0.598731
0.868675
0.815021
0.0495754
0.214341
0.431309
0.00565607
0.0615877
0.104747
0.477408
0.791818
0.0794964
0.0964512
0.054665
0.754933
0.15368
0.895102
0.98622
0.403261
0.614126
0.610987
0.86181
0.447756
0.431919
0.257581
0.170331
0.752424
0.997848
0.824932
0.640342
0.226001
0.401803
0.110791
0.0675581
0.448306
0.680554
0.0758756
0.241186
0.607873
0.521175
0.379823
0.691742
0.100849
0.969563
0.441781
0.0194145
0.298674
0.807675
0.591948
0.875178
0.124143
0.46885
0.953985
0.622022
0.329102
0.21034
0.189701
0.299998
0.0712711
0.853178
0.360141
0.892737
0.229098
0.457088
0.270581
0.660942
0.45634
0.711796
0.159019
0.626742
0.651781
0.485441
0.802205
0.662963
0.418564
0.799767
0.676458
0.229164
0.552228
0.291846
0.0581787
0.808972
0.387973
0.665518
0.366976
0.772943
0.859774
0.227189
0.361617
0.691907
0.888157
0.262395
0.0689412
0.694338
0.732556
0.0742176
0.375964
0.835169
0.683334
0.792437
0.483784
0.959662
0.0347159
0.469386
0.969006
0.0778199
0.918756
0.532709
0.245165
0.482535
0.964764
0.794791
0.057205
0.444204
0.737433
0.0441508
0.0416977
0.812689
0.867488
0.865805
0.591246
0.0653279
0.965794
0.0980064
0.193189
0.92054
0.50901
0.927747
0.644393
0.308394
0.181852
0.380276
0.305986
0.704057
0.0846251
0.294583
0.05099
0.989026
0.554346
0.890968
0.497808
0.66688
0.247543
0.461762
0.828258
0.53534
0.462846
0.0535107
0.353744
0.367177
0.151012
0.0614759
0.225345
0.369947
0.697205
0.9324
0.845722
0.0435107
0.284595
0.184459
0.207536
0.0633452
0.642991
0.751484
0.194781
0.682074
0.613041
0.375137
0.920621
0.871838
0.985843
0.0691118
0.562101
0.226326
0.864171
0.127158
0.144325
0.676161
0.230834
0.632488
0.233346
0.8453
0.952905
0.479276
0.187014
0.147174
0.558516
0.97994
0.858755
0.0900111
0.815954
0.737088
0.244238
0.910348
0.217232
0.0108617
0.552691
0.0810165
0.645012
0.718494
0.7253
0.115713
0.792238
0.137852
0.872216
0.331047
0.905118
0.324653
0.436994
0.557151
0.0357847
0.433218
0.0920103
0.416359
0.751436
0.382257
0.60178
0.124769
0.984475
0.0641023
0.367016
0.436637
0.559862
0.60695
0.00779
0.92646
0.0211288
0.111003
0.62853
0.704548
0.333504
0.19669
0.768884
0.629007
0.728131
0.689925
0.573446
0.902086
0.357443
0.549944
0.913279
0.481333
0.757661
0.0153249
0.566262
0.163392
0.131845
0.924221
0.383177
0.0609208
0.895913
0.604818
0.183828
0.60234
0.528388
0.609108
0.278583
0.137093
0.119132
0.244705
0.763107
0.540784
0.949901
0.981461
0.415635
0.570651
0.926383
0.725422
0.163887
0.45719
0.991809
0.333698
0.463193
0.893081
0.00906831
0.411151
0.215205
0.947671
0.510003
0.617068
0.0658546
0.818766
0.99894
0.191493
0.429231
0.0848147
0.48029
0.228353
0.926564
0.762755
0.62224
0.992522
0.320184
0.33465
0.457027
0.246095
0.12492
0.536345
0.349657
0.687756
0.120662
0.959304
0.0172567
0.0326673
0.0395913
0.410146
0.318251
0.851834
0.777803
0.540823
0.610518
0.968482
0.277839
0.631754
0.892335
0.479343
0.310416
0.162536
0.746649
0.928769
0.816898
0.596678
0.375291
0.519442
0.26049
0.0559762
0.79198
0.800937
0.346589
0.120784
0.0161388
0.244916
0.306416
0.925714
0.48354
0.854652
0.142104
0.34168
0.6214
0.872279
0.394393
0.558024
0.707131
0.743904
0.791116
0.292096
0.251962
0.719332
0.818535
0.115694
0.470305
0.418801
0.794464
0.559852
0.431112
0.701774
0.719391
0.807694
0.909095
0.15168
0.285694
0.663269
0.565723
0.099711
0.843469
0.186531
0.0302596
0.572395
0.237281
0.978434
0.547341
0.162941
0.550649
0.757659
0.975212
0.381092
0.00857142
0.0598239
0.459495
0.737778
0.833807
0.796157
0.0162893
0.773881
0.616916
0.50464
0.478711
0.698952
0.286146
0.251075
0.819614
